300	2	1.85000000000000
301	2.00800000000000	1.84219163534884
302	2.01600000000000	1.83436657116279
303	2.02400000000000	1.82652485209302
304	2.03200000000000	1.81866652279070
305	2.04000000000000	1.81079162790698
306	2.04800000000000	1.80290021209302
307	2.05600000000000	1.79499232000000
308	2.06400000000000	1.78706799627907
309	2.07200000000000	1.77912728558140
310	2.08000000000000	1.77117023255814
311	2.08800000000000	1.76319688186047
312	2.09600000000000	1.75520727813953
313	2.10400000000000	1.74720146604651
314	2.11200000000000	1.73917949023256
315	2.12000000000000	1.73114139534884
316	2.12800000000000	1.72308722604651
317	2.13600000000000	1.71501702697674
318	2.14400000000000	1.70693084279070
319	2.15200000000000	1.69882871813953
320	2.16000000000000	1.69071069767442
321	2.16800000000000	1.68257682604651
322	2.17600000000000	1.67442714790698
323	2.18400000000000	1.66626170790698
324	2.19200000000000	1.65808055069767
325	2.20000000000000	1.64988372093023
326	2.20800000000000	1.64167126325581
327	2.21600000000000	1.63344322232558
328	2.22400000000000	1.62519964279070
329	2.23200000000000	1.61694056930233
330	2.24000000000000	1.60866604651163
331	2.24800000000000	1.60037611906977
332	2.25600000000000	1.59207083162791
333	2.26400000000000	1.58375022883721
334	2.27200000000000	1.57541435534884
335	2.28000000000000	1.56706325581395
336	2.28800000000000	1.55869697488372
337	2.29600000000000	1.55031555720930
338	2.30400000000000	1.54191904744186
339	2.31200000000000	1.53350749023256
340	2.32000000000000	1.52508093023256
341	2.32800000000000	1.51663941209302
342	2.33600000000000	1.50818298046512
343	2.34400000000000	1.49971168000000
344	2.35200000000000	1.49122555534884
345	2.36000000000000	1.48272465116279
346	2.36800000000000	1.47420901209302
347	2.37600000000000	1.46567868279070
348	2.38400000000000	1.45713370790698
349	2.39200000000000	1.44857413209302
350	2.40000000000000	1.44000000000000
351	2.40803326060606	1.43138942790698
352	2.41613032727273	1.42272220066445
353	2.42428712727273	1.41400086578073
354	2.43249958787879	1.40522797076412
355	2.44076363636364	1.39640606312292
356	2.44907520000000	1.38753769036545
357	2.45743020606061	1.37862540000000
358	2.46582458181818	1.36967173953488
359	2.47425425454545	1.36067925647841
360	2.48271515151515	1.35165049833887
361	2.49120320000000	1.34258801262458
362	2.49971432727273	1.33349434684385
363	2.50824446060606	1.32437204850498
364	2.51678952727273	1.31522366511628
365	2.52534545454545	1.30605174418605
366	2.53390816969697	1.29685883322259
367	2.54247360000000	1.28764747973422
368	2.55103767272727	1.27842023122924
369	2.55959631515152	1.26917963521595
370	2.56814545454545	1.25992823920266
371	2.57668101818182	1.25066859069767
372	2.58519893333333	1.24140323720930
373	2.59369512727273	1.23213472624585
374	2.60216552727273	1.22286560531561
375	2.61060606060606	1.21359842192691
376	2.61901265454545	1.20433572358804
377	2.62738123636364	1.19508005780731
378	2.63570773333333	1.18583397209302
379	2.64398807272727	1.17660001395349
380	2.65221818181818	1.16738073089701
381	2.66039398787879	1.15817867043189
382	2.66851141818182	1.14899638006645
383	2.67656640000000	1.13983640730897
384	2.68455486060606	1.13070129966777
385	2.69247272727273	1.12159360465116
386	2.70031592727273	1.11251586976744
387	2.70808038787879	1.10347064252492
388	2.71576203636364	1.09446047043189
389	2.72335680000000	1.08548790099668
390	2.73086060606061	1.07655548172757
391	2.73826938181818	1.06766576013289
392	2.74557905454545	1.05882128372093
393	2.75278555151515	1.05002460000000
394	2.75988480000000	1.04127825647841
395	2.76687272727273	1.03258480066445
396	2.77374526060606	1.02394678006645
397	2.78049832727273	1.01536674219269
398	2.78712785454545	1.00684723455150
399	2.79362976969697	0.998390804651163
400	2.80000000000000	0.990000000000000
401	2.80632305030303	0.981631477500000
402	2.81268270545455	0.973242034285714
403	2.81907381272727	0.964834428214286
404	2.82549121939394	0.956411417142857
405	2.83192977272727	0.947975758928572
406	2.83838432000000	0.939530211428572
407	2.84484970848485	0.931077532500001
408	2.85132078545455	0.922620480000000
409	2.85779239818182	0.914161811785715
410	2.86425939393939	0.905704285714286
411	2.87071662000000	0.897250659642858
412	2.87715892363636	0.888803691428572
413	2.88358115212121	0.880366138928572
414	2.88997815272727	0.871940760000000
415	2.89634477272727	0.863530312500000
416	2.90267585939394	0.855137554285715
417	2.90896626000000	0.846765243214286
418	2.91521082181818	0.838416137142858
419	2.92140439212121	0.830092993928572
420	2.92754181818182	0.821798571428572
421	2.93361794727273	0.813535627500000
422	2.93962762666667	0.805306920000000
423	2.94556570363636	0.797115206785715
424	2.95142702545455	0.788963245714286
425	2.95720643939394	0.780853794642857
426	2.96289879272727	0.772789611428572
427	2.96849893272727	0.764773453928572
428	2.97400170666667	0.756808080000000
429	2.97940196181818	0.748896247500000
430	2.98469454545455	0.741040714285715
431	2.98987430484848	0.733244238214286
432	2.99493608727273	0.725509577142857
433	2.99987474000000	0.717839488928572
434	3.00468511030303	0.710236731428572
435	3.00936204545455	0.702704062500000
436	3.01390039272727	0.695244240000000
437	3.01829499939394	0.687860021785715
438	3.02254071272727	0.680554165714286
439	3.02663238000000	0.673329429642857
440	3.03056484848485	0.666188571428572
441	3.03433296545455	0.659134348928572
442	3.03793157818182	0.652169520000000
443	3.04135553393939	0.645296842500000
444	3.04459968000000	0.638519074285714
445	3.04765886363636	0.631838973214286
446	3.05052793212121	0.625259297142858
447	3.05320173272727	0.618782803928572
448	3.05567511272727	0.612412251428572
449	3.05794291939394	0.606150397500000
450	3.06000000000000	0.600000000000000
451	3.06194382000000	0.593928050304878
452	3.06387456000000	0.587899707317073
453	3.06579114000000	0.581914980182927
454	3.06769248000000	0.575973878048781
455	3.06957750000000	0.570076410060976
456	3.07144512000000	0.564222585365854
457	3.07329426000000	0.558412413109756
458	3.07512384000000	0.552645902439025
459	3.07693278000000	0.546923062500000
460	3.07872000000000	0.541243902439025
461	3.08048442000000	0.535608431402439
462	3.08222496000000	0.530016658536586
463	3.08394054000000	0.524468592987805
464	3.08563008000000	0.518964243902439
465	3.08729250000000	0.513503620426829
466	3.08892672000000	0.508086731707317
467	3.09053166000000	0.502713586890244
468	3.09210624000000	0.497384195121951
469	3.09364938000000	0.492098565548781
470	3.09516000000000	0.486856707317073
471	3.09663702000000	0.481658629573171
472	3.09807936000000	0.476504341463415
473	3.09948594000000	0.471393852134147
474	3.10085568000000	0.466327170731707
475	3.10218750000000	0.461304306402439
476	3.10348032000000	0.456325268292683
477	3.10473306000000	0.451390065548781
478	3.10594464000000	0.446498707317073
479	3.10711398000000	0.441651202743903
480	3.10824000000000	0.436847560975610
481	3.10932162000000	0.432087791158537
482	3.11035776000000	0.427371902439024
483	3.11134734000000	0.422699903963415
484	3.11228928000000	0.418071804878049
485	3.11318250000000	0.413487614329268
486	3.11402592000000	0.408947341463415
487	3.11481846000000	0.404450995426829
488	3.11555904000000	0.399998585365854
489	3.11624658000000	0.395590120426829
490	3.11688000000000	0.391225609756098
491	3.11745822000000	0.386905062500000
492	3.11798016000000	0.382628487804878
493	3.11844474000000	0.378395894817073
494	3.11885088000000	0.374207292682927
495	3.11919750000000	0.370062690548781
496	3.11948352000000	0.365962097560976
497	3.11970786000000	0.361905522865854
498	3.11986944000000	0.357892975609756
499	3.11996718000000	0.353924464939024
500	3.12000000000000	0.350000000000000
501	3.11998886400000	0.346096868470067
502	3.11995571200000	0.342193555299335
503	3.11990092800000	0.338291865543237
504	3.11982489600000	0.334393604257206
505	3.11972800000000	0.330500576496674
506	3.11961062400000	0.326614587317073
507	3.11947315200000	0.322737441773836
508	3.11931596800000	0.318870944922395
509	3.11913945600000	0.315016901818182
510	3.11894400000000	0.311177117516630
511	3.11872998400000	0.307353397073171
512	3.11849779200000	0.303547545543237
513	3.11824780800000	0.299761367982262
514	3.11798041600000	0.295996669445676
515	3.11769600000000	0.292255254988914
516	3.11739494400000	0.288538929667406
517	3.11707763200000	0.284849498536585
518	3.11674444800000	0.281188766651885
519	3.11639577600000	0.277558539068736
520	3.11603200000000	0.273960620842572
521	3.11565350400000	0.270396817028825
522	3.11526067200000	0.266868932682927
523	3.11485388800000	0.263378772860310
524	3.11443353600000	0.259928142616408
525	3.11400000000000	0.256518847006652
526	3.11355366400000	0.253152691086475
527	3.11309491200000	0.249831479911308
528	3.11262412800000	0.246557018536585
529	3.11214169600000	0.243331112017738
530	3.11164800000000	0.240155565410200
531	3.11114342400000	0.237032183769401
532	3.11062835200000	0.233962772150776
533	3.11010316800000	0.230949135609756
534	3.10956825600000	0.227993079201774
535	3.10902400000000	0.225096407982262
536	3.10847078400000	0.222260927006652
537	3.10790899200000	0.219488441330377
538	3.10733900800000	0.216780756008869
539	3.10676121600000	0.214139676097561
540	3.10617600000000	0.211567006651885
541	3.10558374400000	0.209064552727273
542	3.10498483200000	0.206634119379157
543	3.10437964800000	0.204277511662971
544	3.10376857600000	0.201996534634146
545	3.10315200000000	0.199792993348116
546	3.10253030400000	0.197668692860310
547	3.10190387200000	0.195625438226164
548	3.10127308800000	0.193665034501109
549	3.10063833600000	0.191789286740577
550	3.10000000000000	0.190000000000000
551	3.09932825600000	0.188268305454546
552	3.09859404800000	0.186563898181818
553	3.09779891200000	0.184886429090909
554	3.09694438400000	0.183235549090909
555	3.09603200000000	0.181610909090909
556	3.09506329600000	0.180012160000000
557	3.09403980800000	0.178438952727273
558	3.09296307200000	0.176890938181818
559	3.09183462400000	0.175367767272727
560	3.09065600000000	0.173869090909091
561	3.08942873600000	0.172394560000000
562	3.08815436800000	0.170943825454545
563	3.08683443200000	0.169516538181818
564	3.08547046400000	0.168112349090909
565	3.08406400000000	0.166730909090909
566	3.08261657600000	0.165371869090909
567	3.08112972800000	0.164034880000000
568	3.07960499200000	0.162719592727273
569	3.07804390400000	0.161425658181818
570	3.07644800000000	0.160152727272727
571	3.07481881600000	0.158900450909091
572	3.07315788800000	0.157668480000000
573	3.07146675200000	0.156456465454546
574	3.06974694400000	0.155264058181818
575	3.06800000000000	0.154090909090909
576	3.06622745600000	0.152936669090909
577	3.06443084800000	0.151800989090909
578	3.06261171200000	0.150683520000000
579	3.06077158400000	0.149583912727273
580	3.05891200000000	0.148501818181818
581	3.05703449600000	0.147436887272727
582	3.05514060800000	0.146388770909091
583	3.05323187200000	0.145357120000000
584	3.05130982400000	0.144341585454545
585	3.04937600000000	0.143341818181818
586	3.04743193600000	0.142357469090909
587	3.04547916800000	0.141388189090909
588	3.04351923200000	0.140433629090909
589	3.04155366400000	0.139493440000000
590	3.03958400000000	0.138567272727273
591	3.03761177600000	0.137654778181818
592	3.03563852800000	0.136755607272727
593	3.03366579200000	0.135869410909091
594	3.03169510400000	0.134995840000000
595	3.02972800000000	0.134134545454545
596	3.02776601600000	0.133285178181818
597	3.02581068800000	0.132447389090909
598	3.02386355200000	0.131620829090909
599	3.02192614400000	0.130805149090909
600	3.02000000000000	0.130000000000000
601	3.01804861305263	0.129204667234043
602	3.01603623073684	0.128418614468085
603	3.01396552084211	0.127641760000000
604	3.01183915115790	0.126874022127660
605	3.00965978947368	0.126115319148936
606	3.00743010357895	0.125365569361702
607	3.00515276126316	0.124624691063830
608	3.00283043031579	0.123892602553192
609	3.00046577852632	0.123169222127660
610	2.99806147368421	0.122454468085106
611	2.99562018357895	0.121748258723404
612	2.99314457600000	0.121050512340426
613	2.99063731873684	0.120361147234043
614	2.98810107957895	0.119680081702128
615	2.98553852631579	0.119007234042553
616	2.98295232673684	0.118342522553192
617	2.98034514863158	0.117685865531915
618	2.97771965978947	0.117037181276596
619	2.97507852800000	0.116396388085106
620	2.97242442105263	0.115763404255319
621	2.96976000673684	0.115138148085106
622	2.96708795284211	0.114520537872340
623	2.96441092715790	0.113910491914894
624	2.96173159747368	0.113307928510638
625	2.95905263157895	0.112712765957447
626	2.95637669726316	0.112124922553192
627	2.95370646231579	0.111544316595745
628	2.95104459452632	0.110970866382979
629	2.94839376168421	0.110404490212766
630	2.94575663157895	0.109845106382979
631	2.94313587200000	0.109292633191489
632	2.94053415073684	0.108746988936170
633	2.93795413557895	0.108208091914894
634	2.93539849431579	0.107675860425532
635	2.93286989473684	0.107150212765957
636	2.93037100463158	0.106631067234043
637	2.92790449178947	0.106118342127660
638	2.92547302400000	0.105611955744681
639	2.92307926905263	0.105111826382979
640	2.92072589473684	0.104617872340426
641	2.91841556884211	0.104130011914894
642	2.91615095915789	0.103648163404255
643	2.91393473347368	0.103172245106383
644	2.91176955957895	0.102702175319149
645	2.90965810526316	0.102237872340426
646	2.90760303831579	0.101779254468085
647	2.90560702652632	0.101326240000000
648	2.90367273768421	0.100878747234043
649	2.90180283957895	0.100436694468085
650	2.90000000000000	0.100000000000000
651	2.89824405765182	0.0995687929985816
652	2.89651265554656	0.0991431791659575
653	2.89480516793522	0.0987230416000000
654	2.89312096906883	0.0983082633985816
655	2.89145943319838	0.0978987276595745
656	2.88981993457490	0.0974943174808511
657	2.88820184744939	0.0970949159602837
658	2.88660454607287	0.0967004061957447
659	2.88502740469636	0.0963106712851064
660	2.88346979757085	0.0959255943262412
661	2.88193109894737	0.0955450584170213
662	2.88041068307692	0.0951689466553192
663	2.87890792421053	0.0947971421390071
664	2.87742219659919	0.0944295279659575
665	2.87595287449393	0.0940659872340426
666	2.87449933214575	0.0937064030411348
667	2.87306094380567	0.0933506584851064
668	2.87163708372470	0.0929986366638298
669	2.87022712615385	0.0926502206751773
670	2.86883044534413	0.0923052936170213
671	2.86744641554656	0.0919637385872340
672	2.86607441101215	0.0916254386836880
673	2.86471380599190	0.0912902770042553
674	2.86336397473684	0.0909581366468085
675	2.86202429149798	0.0906289007092199
676	2.86069413052632	0.0903024522893617
677	2.85937286607287	0.0899786744851064
678	2.85805987238866	0.0896574503943263
679	2.85675452372470	0.0893386631148936
680	2.85545619433198	0.0890221957446809
681	2.85416425846154	0.0887079313815603
682	2.85287809036437	0.0883957531234043
683	2.85159706429150	0.0880855440680851
684	2.85032055449393	0.0877771873134752
685	2.84904793522267	0.0874705659574468
686	2.84777858072875	0.0871655630978724
687	2.84651186526316	0.0868620618326241
688	2.84524716307692	0.0865599452595745
689	2.84398384842105	0.0862590964765957
690	2.84272129554656	0.0859593985815603
691	2.84145887870445	0.0856607346723404
692	2.84019597214575	0.0853629878468085
693	2.83893195012146	0.0850660412028369
694	2.83766618688259	0.0847697778382979
695	2.83639805668016	0.0844740808510638
696	2.83512693376518	0.0841788333390071
697	2.83385219238866	0.0838839184000000
698	2.83257320680162	0.0835892191319149
699	2.83128935125506	0.0832946186326241
700	2.83000000000000	0.0830000000000000
701	2.82871315692308	0.0827060414376811
702	2.82743694769231	0.0824134978782609
703	2.82617092923077	0.0821223675130434
704	2.82491465846154	0.0818326485333333
705	2.82366769230769	0.0815443391304348
706	2.82242958769231	0.0812574374956522
707	2.82119990153846	0.0809719418202898
708	2.81997819076923	0.0806878502956522
709	2.81876401230769	0.0804051611130435
710	2.81755692307692	0.0801238724637681
711	2.81635648000000	0.0798439825391304
712	2.81516224000000	0.0795654895304348
713	2.81397376000000	0.0792883916289855
714	2.81279059692308	0.0790126870260870
715	2.81161230769231	0.0787383739130435
716	2.81043844923077	0.0784654504811594
717	2.80926857846154	0.0781939149217391
718	2.80810225230769	0.0779237654260870
719	2.80693902769231	0.0776550001855073
720	2.80577846153846	0.0773876173913044
721	2.80462011076923	0.0771216152347826
722	2.80346353230769	0.0768569919072464
723	2.80230828307692	0.0765937456000000
724	2.80115392000000	0.0763318745043478
725	2.80000000000000	0.0760713768115942
726	2.79884608000000	0.0758122507130435
727	2.79769171692308	0.0755544944000000
728	2.79653646769231	0.0752981060637681
729	2.79537988923077	0.0750430838956522
730	2.79422153846154	0.0747894260869565
731	2.79306097230769	0.0745371308289855
732	2.79189774769231	0.0742861963130435
733	2.79073142153846	0.0740366207304348
734	2.78956155076923	0.0737884022724638
735	2.78838769230769	0.0735415391304348
736	2.78720940307692	0.0732960294956522
737	2.78602624000000	0.0730518715594203
738	2.78483776000000	0.0728090635130435
739	2.78364352000000	0.0725676035478261
740	2.78244307692308	0.0723274898550725
741	2.78123598769231	0.0720887206260870
742	2.78002180923077	0.0718512940521739
743	2.77880009846154	0.0716152083246377
744	2.77757041230769	0.0713804616347826
745	2.77633230769231	0.0711470521739131
746	2.77508534153846	0.0709149781333333
747	2.77382907076923	0.0706842377043478
748	2.77256305230769	0.0704548290782609
749	2.77128684307692	0.0702267504463768
750	2.77000000000000	0.0700000000000000
751	2.76869594405594	0.0697742543222507
752	2.76736917482517	0.0695492059335039
753	2.76602086713287	0.0693248769309463
754	2.76465219580420	0.0691012894117647
755	2.76326433566434	0.0688784654731458
756	2.76185846153846	0.0686564272122762
757	2.76043574825175	0.0684351967263427
758	2.75899737062937	0.0682147961125320
759	2.75754450349650	0.0679952474680307
760	2.75607832167832	0.0677765728900256
761	2.75460000000000	0.0675587944757033
762	2.75311071328671	0.0673419343222507
763	2.75161163636364	0.0671260145268542
764	2.75010394405594	0.0669110571867008
765	2.74858881118881	0.0666970843989770
766	2.74706741258741	0.0664841182608696
767	2.74554092307692	0.0662721808695652
768	2.74401051748252	0.0660612943222507
769	2.74247737062937	0.0658514807161125
770	2.74094265734266	0.0656427621483376
771	2.73940755244755	0.0654351607161125
772	2.73787323076923	0.0652286985166241
773	2.73634086713287	0.0650233976470588
774	2.73481163636364	0.0648192802046036
775	2.73328671328671	0.0646163682864450
776	2.73176727272727	0.0644146839897698
777	2.73025448951049	0.0642142494117647
778	2.72874953846154	0.0640150866496164
779	2.72725359440559	0.0638172178005115
780	2.72576783216783	0.0636206649616368
781	2.72429342657343	0.0634254502301791
782	2.72283155244755	0.0632315957033248
783	2.72138338461538	0.0630391234782609
784	2.71995009790210	0.0628480556521739
785	2.71853286713287	0.0626584143222507
786	2.71713286713287	0.0624702215856778
787	2.71575127272727	0.0622834995396420
788	2.71438925874126	0.0620982702813299
789	2.71304800000000	0.0619145559079284
790	2.71172867132867	0.0617323785166240
791	2.71043244755245	0.0615517602046036
792	2.70916050349650	0.0613727230690537
793	2.70791401398601	0.0611952892071611
794	2.70669415384615	0.0610194807161125
795	2.70550209790210	0.0608453196930946
796	2.70433902097902	0.0606728282352941
797	2.70320609790210	0.0605020284398977
798	2.70210450349650	0.0603329424040921
799	2.70103541258741	0.0601655922250640
800	2.70000000000000	0.0600000000000000
801	2.69898821818182	0.0598358151372549
802	2.69798907012987	0.0596726701176471
803	2.69700230649351	0.0595105616470588
804	2.69602767792208	0.0593494864313726
805	2.69506493506494	0.0591894411764706
806	2.69411382857143	0.0590304225882353
807	2.69317410909091	0.0588724273725490
808	2.69224552727273	0.0587154522352941
809	2.69132783376623	0.0585594938823530
810	2.69042077922078	0.0584045490196078
811	2.68952411428571	0.0582506143529412
812	2.68863758961039	0.0580976865882353
813	2.68776095584416	0.0579457624313726
814	2.68689396363636	0.0577948385882353
815	2.68603636363636	0.0576449117647059
816	2.68518790649351	0.0574959786666667
817	2.68434834285714	0.0573480360000000
818	2.68351742337662	0.0572010804705882
819	2.68269489870130	0.0570551087843137
820	2.68188051948052	0.0569101176470588
821	2.68107403636364	0.0567661037647059
822	2.68027520000000	0.0566230638431373
823	2.67948376103896	0.0564809945882353
824	2.67869947012987	0.0563398927058823
825	2.67792207792208	0.0561997549019608
826	2.67715133506494	0.0560605778823529
827	2.67638699220779	0.0559223583529412
828	2.67562880000000	0.0557850930196078
829	2.67487650909091	0.0556487785882353
830	2.67412987012987	0.0555134117647059
831	2.67338863376623	0.0553789892549020
832	2.67265255064935	0.0552455077647059
833	2.67192137142857	0.0551129640000000
834	2.67119484675325	0.0549813546666667
835	2.67047272727273	0.0548506764705882
836	2.66975476363636	0.0547209261176471
837	2.66904070649351	0.0545921003137255
838	2.66833030649351	0.0544641957647059
839	2.66762331428571	0.0543372091764706
840	2.66691948051948	0.0542111372549019
841	2.66621855584416	0.0540859767058824
842	2.66552029090909	0.0539617242352941
843	2.66482443636364	0.0538383765490196
844	2.66413074285714	0.0537159303529412
845	2.66343896103896	0.0535943823529412
846	2.66274884155844	0.0534737292549019
847	2.66206013506494	0.0533539677647059
848	2.66137259220779	0.0532350945882353
849	2.66068596363636	0.0531171064313725
850	2.66000000000000	0.0530000000000000
851	2.65931532800000	0.0528839933333333
852	2.65863279542857	0.0527692800000000
853	2.65795248457143	0.0526558200000000
854	2.65727447771429	0.0525435733333333
855	2.65659885714286	0.0524325000000000
856	2.65592570514286	0.0523225600000000
857	2.65525510400000	0.0522137133333333
858	2.65458713600000	0.0521059200000000
859	2.65392188342857	0.0519991400000000
860	2.65325942857143	0.0518933333333333
861	2.65259985371429	0.0517884600000000
862	2.65194324114286	0.0516844800000000
863	2.65128967314286	0.0515813533333333
864	2.65063923200000	0.0514790400000000
865	2.64999200000000	0.0513775000000000
866	2.64934805942857	0.0512766933333333
867	2.64870749257143	0.0511765800000000
868	2.64807038171429	0.0510771200000000
869	2.64743680914286	0.0509782733333333
870	2.64680685714286	0.0508800000000000
871	2.64618060800000	0.0507822600000000
872	2.64555814400000	0.0506850133333333
873	2.64493954742857	0.0505882200000000
874	2.64432490057143	0.0504918400000000
875	2.64371428571429	0.0503958333333333
876	2.64310778514286	0.0503001600000000
877	2.64250548114286	0.0502047800000000
878	2.64190745600000	0.0501096533333333
879	2.64131379200000	0.0500147400000000
880	2.64072457142857	0.0499200000000000
881	2.64013987657143	0.0498253933333333
882	2.63955978971429	0.0497308800000000
883	2.63898439314286	0.0496364200000000
884	2.63841376914286	0.0495419733333333
885	2.63784800000000	0.0494475000000000
886	2.63728716800000	0.0493529600000000
887	2.63673135542857	0.0492583133333333
888	2.63618064457143	0.0491635200000000
889	2.63563511771429	0.0490685400000000
890	2.63509485714286	0.0489733333333334
891	2.63455994514286	0.0488778600000000
892	2.63403046400000	0.0487820800000000
893	2.63350649600000	0.0486859533333333
894	2.63298812342857	0.0485894400000000
895	2.63247542857143	0.0484925000000000
896	2.63196849371429	0.0483950933333334
897	2.63146740114286	0.0482971800000000
898	2.63097223314286	0.0481987200000000
899	2.63048307200000	0.0480996733333333
900	2.63000000000000	0.0480000000000000
901	2.62952055466667	0.0478995100000000
902	2.62904230400000	0.0477980800000000
903	2.62856537600000	0.0476957700000000
904	2.62808989866667	0.0475926400000000
905	2.62761600000000	0.0474887500000000
906	2.62714380800000	0.0473841600000000
907	2.62667345066667	0.0472789300000000
908	2.62620505600000	0.0471731200000000
909	2.62573875200000	0.0470667900000000
910	2.62527466666667	0.0469600000000000
911	2.62481292800000	0.0468528100000000
912	2.62435366400000	0.0467452800000000
913	2.62389700266667	0.0466374700000000
914	2.62344307200000	0.0465294400000000
915	2.62299200000000	0.0464212500000000
916	2.62254391466667	0.0463129600000000
917	2.62209894400000	0.0462046300000000
918	2.62165721600000	0.0460963200000000
919	2.62121885866667	0.0459880900000000
920	2.62078400000000	0.0458800000000000
921	2.62035276800000	0.0457721100000000
922	2.61992529066667	0.0456644800000000
923	2.61950169600000	0.0455571700000000
924	2.61908211200000	0.0454502400000000
925	2.61866666666667	0.0453437500000000
926	2.61825548800000	0.0452377600000000
927	2.61784870400000	0.0451323300000000
928	2.61744644266667	0.0450275200000000
929	2.61704883200000	0.0449233900000000
930	2.61665600000000	0.0448200000000000
931	2.61626807466667	0.0447174100000000
932	2.61588518400000	0.0446156800000000
933	2.61550745600000	0.0445148700000000
934	2.61513501866667	0.0444150400000000
935	2.61476800000000	0.0443162500000000
936	2.61440652800000	0.0442185600000000
937	2.61405073066667	0.0441220300000000
938	2.61370073600000	0.0440267200000000
939	2.61335667200000	0.0439326900000000
940	2.61301866666667	0.0438400000000000
941	2.61268684800000	0.0437487100000000
942	2.61236134400000	0.0436588800000000
943	2.61204228266667	0.0435705700000000
944	2.61172979200000	0.0434838400000000
945	2.61142400000000	0.0433987500000000
946	2.61112503466667	0.0433153600000000
947	2.61083302400000	0.0432337300000000
948	2.61054809600000	0.0431539200000000
949	2.61027037866667	0.0430759900000000
950	2.61000000000000	0.0430000000000000
951	2.60973476717949	0.0429256737288136
952	2.60947239384615	0.0428526644067797
953	2.60921286769231	0.0427809262711864
954	2.60895617641026	0.0427104135593220
955	2.60870230769231	0.0426410805084746
956	2.60845124923077	0.0425728813559322
957	2.60820298871795	0.0425057703389830
958	2.60795751384615	0.0424397016949153
959	2.60771481230769	0.0423746296610169
960	2.60747487179487	0.0423105084745763
961	2.60723768000000	0.0422472923728813
962	2.60700322461538	0.0421849355932203
963	2.60677149333333	0.0421233923728813
964	2.60654247384615	0.0420626169491525
965	2.60631615384615	0.0420025635593220
966	2.60609252102564	0.0419431864406780
967	2.60587156307692	0.0418844398305085
968	2.60565326769231	0.0418262779661017
969	2.60543762256410	0.0417686550847458
970	2.60522461538462	0.0417115254237288
971	2.60501423384615	0.0416548432203390
972	2.60480646564103	0.0415985627118644
973	2.60460129846154	0.0415426381355932
974	2.60439872000000	0.0414870237288136
975	2.60419871794872	0.0414316737288136
976	2.60400128000000	0.0413765423728814
977	2.60380639384615	0.0413215838983051
978	2.60361404717949	0.0412667525423729
979	2.60342422769231	0.0412120025423729
980	2.60323692307692	0.0411572881355932
981	2.60305212102564	0.0411025635593220
982	2.60286980923077	0.0410477830508475
983	2.60268997538462	0.0409929008474576
984	2.60251260717949	0.0409378711864407
985	2.60233769230769	0.0408826483050847
986	2.60216521846154	0.0408271864406780
987	2.60199517333333	0.0407714398305085
988	2.60182754461539	0.0407153627118644
989	2.60166232000000	0.0406589093220339
990	2.60149948717949	0.0406020338983051
991	2.60133903384615	0.0405446906779661
992	2.60118094769231	0.0404868338983051
993	2.60102521641026	0.0404284177966102
994	2.60087182769231	0.0403693966101695
995	2.60072076923077	0.0403097245762712
996	2.60057202871795	0.0402493559322034
997	2.60042559384615	0.0401882449152542
998	2.60028145230769	0.0401263457627119
999	2.60013959179487	0.0400636127118644
1000	2.60000000000000	0.0400000000000000
1001	2.59986230384615	0.0399357608448501
1002	2.59972612307692	0.0398711834993481
1003	2.59959143461538	0.0398062747535854
1004	2.59945821538462	0.0397410413976532
1005	2.59932644230769	0.0396754902216428
1006	2.59919609230769	0.0396096280156454
1007	2.59906714230769	0.0395434615697523
1008	2.59893956923077	0.0394769976740548
1009	2.59881335000000	0.0394102431186441
1010	2.59868846153846	0.0393432046936115
1011	2.59856488076923	0.0392758891890483
1012	2.59844258461539	0.0392083033950456
1013	2.59832155000000	0.0391404541016949
1014	2.59820175384615	0.0390723480990874
1015	2.59808317307692	0.0390039921773142
1016	2.59796578461538	0.0389353931264668
1017	2.59784956538462	0.0388665577366363
1018	2.59773449230769	0.0387974927979140
1019	2.59762054230769	0.0387282051003911
1020	2.59750769230769	0.0386587014341591
1021	2.59739591923077	0.0385889885893090
1022	2.59728520000000	0.0385190733559322
1023	2.59717551153846	0.0384489625241200
1024	2.59706683076923	0.0383786628839635
1025	2.59695913461538	0.0383081812255541
1026	2.59685240000000	0.0382375243389831
1027	2.59674660384615	0.0381666990143416
1028	2.59664172307692	0.0380957120417210
1029	2.59653773461538	0.0380245702112125
1030	2.59643461538462	0.0379532803129074
1031	2.59633234230769	0.0378818491368970
1032	2.59623089230769	0.0378102834732725
1033	2.59613024230769	0.0377385901121252
1034	2.59603036923077	0.0376667758435463
1035	2.59593125000000	0.0375948474576271
1036	2.59583286153846	0.0375228117444589
1037	2.59573518076923	0.0374506754941330
1038	2.59563818461538	0.0373784454967406
1039	2.59554185000000	0.0373061285423729
1040	2.59544615384615	0.0372337314211213
1041	2.59535107307692	0.0371612609230769
1042	2.59525658461538	0.0370887238383312
1043	2.59516266538462	0.0370161269569752
1044	2.59506929230769	0.0369434770691004
1045	2.59497644230769	0.0368707809647979
1046	2.59488409230769	0.0367980454341591
1047	2.59479221923077	0.0367252772672751
1048	2.59470080000000	0.0366524832542373
1049	2.59460981153846	0.0365796701851369
1050	2.59451923076923	0.0365068448500652
1051	2.59442903461538	0.0364340140391134
1052	2.59433920000000	0.0363611845423729
1053	2.59424970384615	0.0362883631499348
1054	2.59416052307692	0.0362155566518905
1055	2.59407163461538	0.0361427718383312
1056	2.59398301538462	0.0360700154993481
1057	2.59389464230769	0.0359972944250326
1058	2.59380649230769	0.0359246154054759
1059	2.59371854230769	0.0358519852307692
1060	2.59363076923077	0.0357794106910039
1061	2.59354315000000	0.0357068985762712
1062	2.59345566153846	0.0356344556766623
1063	2.59336828076923	0.0355620887822686
1064	2.59328098461538	0.0354898046831812
1065	2.59319375000000	0.0354176101694915
1066	2.59310655384615	0.0353455120312907
1067	2.59301937307692	0.0352735170586702
1068	2.59293218461538	0.0352016320417210
1069	2.59284496538462	0.0351298637705346
1070	2.59275769230769	0.0350582190352021
1071	2.59267034230769	0.0349867046258149
1072	2.59258289230769	0.0349153273324642
1073	2.59249531923077	0.0348440939452412
1074	2.59240760000000	0.0347730112542373
1075	2.59231971153846	0.0347020860495437
1076	2.59223163076923	0.0346313251212516
1077	2.59214333461538	0.0345607352594524
1078	2.59205480000000	0.0344903232542373
1079	2.59196600384615	0.0344200958956975
1080	2.59187692307692	0.0343500599739244
1081	2.59178753461538	0.0342802222790091
1082	2.59169781538462	0.0342105896010430
1083	2.59160774230769	0.0341411687301174
1084	2.59151729230769	0.0340719664563233
1085	2.59142644230769	0.0340029895697523
1086	2.59133516923077	0.0339342448604954
1087	2.59124345000000	0.0338657391186441
1088	2.59115126153846	0.0337974791342894
1089	2.59105858076923	0.0337294716975228
1090	2.59096538461538	0.0336617235984355
1091	2.59087165000000	0.0335942416271187
1092	2.59077735384615	0.0335270325736636
1093	2.59068247307692	0.0334601032281617
1094	2.59058698461538	0.0333934603807040
1095	2.59049086538462	0.0333271108213820
1096	2.59039409230769	0.0332610613402868
1097	2.59029664230769	0.0331953187275098
1098	2.59019849230769	0.0331298897731421
1099	2.59009961923077	0.0330647812672751
1100	2.59000000000000	0.0330000000000000
1101	2.58990000000000	0.0329354764615385
1102	2.58980000000000	0.0328711347692308
1103	2.58970000000000	0.0328069721538462
1104	2.58960000000000	0.0327429858461539
1105	2.58950000000000	0.0326791730769231
1106	2.58940000000000	0.0326155310769231
1107	2.58930000000000	0.0325520570769231
1108	2.58920000000000	0.0324887483076923
1109	2.58910000000000	0.0324256020000000
1110	2.58900000000000	0.0323626153846154
1111	2.58890000000000	0.0322997856923077
1112	2.58880000000000	0.0322371101538462
1113	2.58870000000000	0.0321745860000000
1114	2.58860000000000	0.0321122104615385
1115	2.58850000000000	0.0320499807692308
1116	2.58840000000000	0.0319878941538462
1117	2.58830000000000	0.0319259478461539
1118	2.58820000000000	0.0318641390769231
1119	2.58810000000000	0.0318024650769231
1120	2.58800000000000	0.0317409230769231
1121	2.58790000000000	0.0316795103076923
1122	2.58780000000000	0.0316182240000000
1123	2.58770000000000	0.0315570613846154
1124	2.58760000000000	0.0314960196923077
1125	2.58750000000000	0.0314350961538462
1126	2.58740000000000	0.0313742880000000
1127	2.58730000000000	0.0313135924615385
1128	2.58720000000000	0.0312530067692308
1129	2.58710000000000	0.0311925281538462
1130	2.58700000000000	0.0311321538461538
1131	2.58690000000000	0.0310718810769231
1132	2.58680000000000	0.0310117070769231
1133	2.58670000000000	0.0309516290769231
1134	2.58660000000000	0.0308916443076923
1135	2.58650000000000	0.0308317500000000
1136	2.58640000000000	0.0307719433846154
1137	2.58630000000000	0.0307122216923077
1138	2.58620000000000	0.0306525821538462
1139	2.58610000000000	0.0305930220000000
1140	2.58600000000000	0.0305335384615385
1141	2.58590000000000	0.0304741287692308
1142	2.58580000000000	0.0304147901538462
1143	2.58570000000000	0.0303555198461538
1144	2.58560000000000	0.0302963150769231
1145	2.58550000000000	0.0302371730769231
1146	2.58540000000000	0.0301780910769231
1147	2.58530000000000	0.0301190663076923
1148	2.58520000000000	0.0300600960000000
1149	2.58510000000000	0.0300011773846154
1150	2.58500000000000	0.0299423076923077
1151	2.58490000000000	0.0298834841538462
1152	2.58480000000000	0.0298247040000000
1153	2.58470000000000	0.0297659644615385
1154	2.58460000000000	0.0297072627692308
1155	2.58450000000000	0.0296485961538462
1156	2.58440000000000	0.0295899618461539
1157	2.58430000000000	0.0295313570769231
1158	2.58420000000000	0.0294727790769231
1159	2.58410000000000	0.0294142250769231
1160	2.58400000000000	0.0293556923076923
1161	2.58390000000000	0.0292971780000000
1162	2.58380000000000	0.0292386793846154
1163	2.58370000000000	0.0291801936923077
1164	2.58360000000000	0.0291217181538462
1165	2.58350000000000	0.0290632500000000
1166	2.58340000000000	0.0290047864615385
1167	2.58330000000000	0.0289463247692308
1168	2.58320000000000	0.0288878621538462
1169	2.58310000000000	0.0288293958461538
1170	2.58300000000000	0.0287709230769231
1171	2.58290000000000	0.0287124410769231
1172	2.58280000000000	0.0286539470769231
1173	2.58270000000000	0.0285954383076923
1174	2.58260000000000	0.0285369120000000
1175	2.58250000000000	0.0284783653846154
1176	2.58240000000000	0.0284197956923077
1177	2.58230000000000	0.0283612001538461
1178	2.58220000000000	0.0283025760000000
1179	2.58210000000000	0.0282439204615385
1180	2.58200000000000	0.0281852307692308
1181	2.58190000000000	0.0281265041538461
1182	2.58180000000000	0.0280677378461538
1183	2.58170000000000	0.0280089290769231
1184	2.58160000000000	0.0279500750769231
1185	2.58150000000000	0.0278911730769231
1186	2.58140000000000	0.0278322203076923
1187	2.58130000000000	0.0277732140000000
1188	2.58120000000000	0.0277141513846154
1189	2.58110000000000	0.0276550296923077
1190	2.58100000000000	0.0275958461538462
1191	2.58090000000000	0.0275365980000000
1192	2.58080000000000	0.0274772824615385
1193	2.58070000000000	0.0274178967692308
1194	2.58060000000000	0.0273584381538462
1195	2.58050000000000	0.0272989038461538
1196	2.58040000000000	0.0272392910769231
1197	2.58030000000000	0.0271795970769231
1198	2.58020000000000	0.0271198190769231
1199	2.58010000000000	0.0270599543076923
1200	2.58000000000000	0.0270000000000000
1201	2.57989901000000	0.0269398812000000
1202	2.57979608000000	0.0268795296000000
1203	2.57969127000000	0.0268189524000000
1204	2.57958464000000	0.0267581568000000
1205	2.57947625000000	0.0266971500000000
1206	2.57936616000000	0.0266359392000000
1207	2.57925443000000	0.0265745316000000
1208	2.57914112000000	0.0265129344000000
1209	2.57902629000000	0.0264511548000000
1210	2.57891000000000	0.0263892000000000
1211	2.57879231000000	0.0263270772000000
1212	2.57867328000000	0.0262647936000000
1213	2.57855297000000	0.0262023564000000
1214	2.57843144000000	0.0261397728000000
1215	2.57830875000000	0.0260770500000000
1216	2.57818496000000	0.0260141952000000
1217	2.57806013000000	0.0259512156000000
1218	2.57793432000000	0.0258881184000000
1219	2.57780759000000	0.0258249108000000
1220	2.57768000000000	0.0257616000000000
1221	2.57755161000000	0.0256981932000000
1222	2.57742248000000	0.0256346976000000
1223	2.57729267000000	0.0255711204000000
1224	2.57716224000000	0.0255074688000000
1225	2.57703125000000	0.0254437500000000
1226	2.57689976000000	0.0253799712000000
1227	2.57676783000000	0.0253161396000000
1228	2.57663552000000	0.0252522624000000
1229	2.57650289000000	0.0251883468000000
1230	2.57637000000000	0.0251244000000000
1231	2.57623691000000	0.0250604292000000
1232	2.57610368000000	0.0249964416000000
1233	2.57597037000000	0.0249324444000000
1234	2.57583704000000	0.0248684448000000
1235	2.57570375000000	0.0248044500000000
1236	2.57557056000000	0.0247404672000000
1237	2.57543753000000	0.0246765036000000
1238	2.57530472000000	0.0246125664000000
1239	2.57517219000000	0.0245486628000000
1240	2.57504000000000	0.0244848000000000
1241	2.57490821000000	0.0244209852000000
1242	2.57477688000000	0.0243572256000000
1243	2.57464607000000	0.0242935284000000
1244	2.57451584000000	0.0242299008000000
1245	2.57438625000000	0.0241663500000000
1246	2.57425736000000	0.0241028832000000
1247	2.57412923000000	0.0240395076000000
1248	2.57400192000000	0.0239762304000000
1249	2.57387549000000	0.0239130588000000
1250	2.57375000000000	0.0238500000000000
1251	2.57362551000000	0.0237870612000000
1252	2.57350208000000	0.0237242496000000
1253	2.57337977000000	0.0236615724000000
1254	2.57325864000000	0.0235990368000000
1255	2.57313875000000	0.0235366500000000
1256	2.57302016000000	0.0234744192000000
1257	2.57290293000000	0.0234123516000000
1258	2.57278712000000	0.0233504544000000
1259	2.57267279000000	0.0232887348000000
1260	2.57256000000000	0.0232272000000000
1261	2.57244881000000	0.0231658572000000
1262	2.57233928000000	0.0231047136000000
1263	2.57223147000000	0.0230437764000000
1264	2.57212544000000	0.0229830528000000
1265	2.57202125000000	0.0229225500000000
1266	2.57191896000000	0.0228622752000000
1267	2.57181863000000	0.0228022356000000
1268	2.57172032000000	0.0227424384000000
1269	2.57162409000000	0.0226828908000000
1270	2.57153000000000	0.0226236000000000
1271	2.57143811000000	0.0225645732000000
1272	2.57134848000000	0.0225058176000000
1273	2.57126117000000	0.0224473404000000
1274	2.57117624000000	0.0223891488000000
1275	2.57109375000000	0.0223312500000000
1276	2.57101376000000	0.0222736512000000
1277	2.57093633000000	0.0222163596000000
1278	2.57086152000000	0.0221593824000000
1279	2.57078939000000	0.0221027268000000
1280	2.57072000000000	0.0220464000000000
1281	2.57065341000000	0.0219904092000000
1282	2.57058968000000	0.0219347616000000
1283	2.57052887000000	0.0218794644000000
1284	2.57047104000000	0.0218245248000000
1285	2.57041625000000	0.0217699500000000
1286	2.57036456000000	0.0217157472000000
1287	2.57031603000000	0.0216619236000000
1288	2.57027072000000	0.0216084864000000
1289	2.57022869000000	0.0215554428000000
1290	2.57019000000000	0.0215028000000000
1291	2.57015471000000	0.0214505652000000
1292	2.57012288000000	0.0213987456000000
1293	2.57009457000000	0.0213473484000000
1294	2.57006984000000	0.0212963808000000
1295	2.57004875000000	0.0212458500000000
1296	2.57003136000000	0.0211957632000000
1297	2.57001773000000	0.0211461276000000
1298	2.57000792000000	0.0210969504000000
1299	2.57000199000000	0.0210482388000000
1300	2.57000000000000	0.0210000000000000
1301	2.57000000000000	0.0209521592000000
1302	2.57000000000000	0.0209046336000000
1303	2.57000000000000	0.0208574184000000
1304	2.57000000000000	0.0208105088000000
1305	2.57000000000000	0.0207639000000000
1306	2.57000000000000	0.0207175872000000
1307	2.57000000000000	0.0206715656000000
1308	2.57000000000000	0.0206258304000000
1309	2.57000000000000	0.0205803768000000
1310	2.57000000000000	0.0205352000000000
1311	2.57000000000000	0.0204902952000000
1312	2.57000000000000	0.0204456576000000
1313	2.57000000000000	0.0204012824000000
1314	2.57000000000000	0.0203571648000000
1315	2.57000000000000	0.0203133000000000
1316	2.57000000000000	0.0202696832000000
1317	2.57000000000000	0.0202263096000000
1318	2.57000000000000	0.0201831744000000
1319	2.57000000000000	0.0201402728000000
1320	2.57000000000000	0.0200976000000000
1321	2.57000000000000	0.0200551512000000
1322	2.57000000000000	0.0200129216000000
1323	2.57000000000000	0.0199709064000000
1324	2.57000000000000	0.0199291008000000
1325	2.57000000000000	0.0198875000000000
1326	2.57000000000000	0.0198460992000000
1327	2.57000000000000	0.0198048936000000
1328	2.57000000000000	0.0197638784000000
1329	2.57000000000000	0.0197230488000000
1330	2.57000000000000	0.0196824000000000
1331	2.57000000000000	0.0196419272000000
1332	2.57000000000000	0.0196016256000000
1333	2.57000000000000	0.0195614904000000
1334	2.57000000000000	0.0195215168000000
1335	2.57000000000000	0.0194817000000000
1336	2.57000000000000	0.0194420352000000
1337	2.57000000000000	0.0194025176000000
1338	2.57000000000000	0.0193631424000000
1339	2.57000000000000	0.0193239048000000
1340	2.57000000000000	0.0192848000000000
1341	2.57000000000000	0.0192458232000000
1342	2.57000000000000	0.0192069696000000
1343	2.57000000000000	0.0191682344000000
1344	2.57000000000000	0.0191296128000000
1345	2.57000000000000	0.0190911000000000
1346	2.57000000000000	0.0190526912000000
1347	2.57000000000000	0.0190143816000000
1348	2.57000000000000	0.0189761664000000
1349	2.57000000000000	0.0189380408000000
1350	2.57000000000000	0.0189000000000000
1351	2.57000000000000	0.0188620392000000
1352	2.57000000000000	0.0188241536000000
1353	2.57000000000000	0.0187863384000000
1354	2.57000000000000	0.0187485888000000
1355	2.57000000000000	0.0187109000000000
1356	2.57000000000000	0.0186732672000000
1357	2.57000000000000	0.0186356856000000
1358	2.57000000000000	0.0185981504000000
1359	2.57000000000000	0.0185606568000000
1360	2.57000000000000	0.0185232000000000
1361	2.57000000000000	0.0184857752000000
1362	2.57000000000000	0.0184483776000000
1363	2.57000000000000	0.0184110024000000
1364	2.57000000000000	0.0183736448000000
1365	2.57000000000000	0.0183363000000000
1366	2.57000000000000	0.0182989632000000
1367	2.57000000000000	0.0182616296000000
1368	2.57000000000000	0.0182242944000000
1369	2.57000000000000	0.0181869528000000
1370	2.57000000000000	0.0181496000000000
1371	2.57000000000000	0.0181122312000000
1372	2.57000000000000	0.0180748416000000
1373	2.57000000000000	0.0180374264000000
1374	2.57000000000000	0.0179999808000000
1375	2.57000000000000	0.0179625000000000
1376	2.57000000000000	0.0179249792000000
1377	2.57000000000000	0.0178874136000000
1378	2.57000000000000	0.0178497984000000
1379	2.57000000000000	0.0178121288000000
1380	2.57000000000000	0.0177744000000000
1381	2.57000000000000	0.0177366072000000
1382	2.57000000000000	0.0176987456000000
1383	2.57000000000000	0.0176608104000000
1384	2.57000000000000	0.0176227968000000
1385	2.57000000000000	0.0175847000000000
1386	2.57000000000000	0.0175465152000000
1387	2.57000000000000	0.0175082376000000
1388	2.57000000000000	0.0174698624000000
1389	2.57000000000000	0.0174313848000000
1390	2.57000000000000	0.0173928000000000
1391	2.57000000000000	0.0173541032000000
1392	2.57000000000000	0.0173152896000000
1393	2.57000000000000	0.0172763544000000
1394	2.57000000000000	0.0172372928000000
1395	2.57000000000000	0.0171981000000000
1396	2.57000000000000	0.0171587712000000
1397	2.57000000000000	0.0171193016000000
1398	2.57000000000000	0.0170796864000000
1399	2.57000000000000	0.0170399208000000
1400	2.57000000000000	0.0170000000000000
1401	2.57000000000000	0.0169599044137931
1402	2.57000000000000	0.0169196215172414
1403	2.57000000000000	0.0168791571034483
1404	2.57000000000000	0.0168385169655172
1405	2.57000000000000	0.0167977068965517
1406	2.57000000000000	0.0167567326896552
1407	2.57000000000000	0.0167156001379310
1408	2.57000000000000	0.0166743150344828
1409	2.57000000000000	0.0166328831724138
1410	2.57000000000000	0.0165913103448276
1411	2.57000000000000	0.0165496023448276
1412	2.57000000000000	0.0165077649655172
1413	2.57000000000000	0.0164658040000000
1414	2.57000000000000	0.0164237252413793
1415	2.57000000000000	0.0163815344827586
1416	2.57000000000000	0.0163392375172414
1417	2.57000000000000	0.0162968401379310
1418	2.57000000000000	0.0162543481379310
1419	2.57000000000000	0.0162117673103448
1420	2.57000000000000	0.0161691034482759
1421	2.57000000000000	0.0161263623448276
1422	2.57000000000000	0.0160835497931035
1423	2.57000000000000	0.0160406715862069
1424	2.57000000000000	0.0159977335172414
1425	2.57000000000000	0.0159547413793103
1426	2.57000000000000	0.0159117009655172
1427	2.57000000000000	0.0158686180689655
1428	2.57000000000000	0.0158254984827586
1429	2.57000000000000	0.0157823480000000
1430	2.57000000000000	0.0157391724137931
1431	2.57000000000000	0.0156959775172414
1432	2.57000000000000	0.0156527691034483
1433	2.57000000000000	0.0156095529655172
1434	2.57000000000000	0.0155663348965517
1435	2.57000000000000	0.0155231206896552
1436	2.57000000000000	0.0154799161379310
1437	2.57000000000000	0.0154367270344828
1438	2.57000000000000	0.0153935591724138
1439	2.57000000000000	0.0153504183448276
1440	2.57000000000000	0.0153073103448276
1441	2.57000000000000	0.0152642409655172
1442	2.57000000000000	0.0152212160000000
1443	2.57000000000000	0.0151782412413793
1444	2.57000000000000	0.0151353224827586
1445	2.57000000000000	0.0150924655172414
1446	2.57000000000000	0.0150496761379310
1447	2.57000000000000	0.0150069601379310
1448	2.57000000000000	0.0149643233103448
1449	2.57000000000000	0.0149217714482759
1450	2.57000000000000	0.0148793103448276
1451	2.57000000000000	0.0148369457931034
1452	2.57000000000000	0.0147946835862069
1453	2.57000000000000	0.0147525295172414
1454	2.57000000000000	0.0147104893793103
1455	2.57000000000000	0.0146685689655172
1456	2.57000000000000	0.0146267740689655
1457	2.57000000000000	0.0145851104827586
1458	2.57000000000000	0.0145435840000000
1459	2.57000000000000	0.0145022004137931
1460	2.57000000000000	0.0144609655172414
1461	2.57000000000000	0.0144198851034483
1462	2.57000000000000	0.0143789649655172
1463	2.57000000000000	0.0143382108965517
1464	2.57000000000000	0.0142976286896552
1465	2.57000000000000	0.0142572241379310
1466	2.57000000000000	0.0142170030344828
1467	2.57000000000000	0.0141769711724138
1468	2.57000000000000	0.0141371343448276
1469	2.57000000000000	0.0140974983448276
1470	2.57000000000000	0.0140580689655172
1471	2.57000000000000	0.0140188520000000
1472	2.57000000000000	0.0139798532413793
1473	2.57000000000000	0.0139410784827586
1474	2.57000000000000	0.0139025335172414
1475	2.57000000000000	0.0138642241379310
1476	2.57000000000000	0.0138261561379310
1477	2.57000000000000	0.0137883353103448
1478	2.57000000000000	0.0137507674482759
1479	2.57000000000000	0.0137134583448276
1480	2.57000000000000	0.0136764137931035
1481	2.57000000000000	0.0136396395862069
1482	2.57000000000000	0.0136031415172414
1483	2.57000000000000	0.0135669253793103
1484	2.57000000000000	0.0135309969655172
1485	2.57000000000000	0.0134953620689655
1486	2.57000000000000	0.0134600264827586
1487	2.57000000000000	0.0134249960000000
1488	2.57000000000000	0.0133902764137931
1489	2.57000000000000	0.0133558735172414
1490	2.57000000000000	0.0133217931034483
1491	2.57000000000000	0.0132880409655172
1492	2.57000000000000	0.0132546228965517
1493	2.57000000000000	0.0132215446896552
1494	2.57000000000000	0.0131888121379310
1495	2.57000000000000	0.0131564310344828
1496	2.57000000000000	0.0131244071724138
1497	2.57000000000000	0.0130927463448276
1498	2.57000000000000	0.0130614543448276
1499	2.57000000000000	0.0130305369655172
1500	2.57000000000000	0.0130000000000000
1501	2.56999994859429	0.0129696581177294
1502	2.56999979446857	0.0129393222362653
1503	2.56999953776000	0.0129089925208700
1504	2.56999917860571	0.0128786691368064
1505	2.56999871714286	0.0128483522493369
1506	2.56999815350857	0.0128180420237241
1507	2.56999748784000	0.0127877386252308
1508	2.56999672027429	0.0127574422191194
1509	2.56999585094857	0.0127271529706525
1510	2.56999488000000	0.0126968710450928
1511	2.56999380756571	0.0126665966077029
1512	2.56999263378286	0.0126363298237454
1513	2.56999135878857	0.0126060708584828
1514	2.56998998272000	0.0125758198771777
1515	2.56998850571429	0.0125455770450928
1516	2.56998692790857	0.0125153425274907
1517	2.56998524944000	0.0124851164896340
1518	2.56998347044571	0.0124548990967851
1519	2.56998159106286	0.0124246905142069
1520	2.56997961142857	0.0123944909071618
1521	2.56997753168000	0.0123643004409125
1522	2.56997535195429	0.0123341192807215
1523	2.56997307238857	0.0123039475918515
1524	2.56997069312000	0.0122737855395650
1525	2.56996821428571	0.0122436332891247
1526	2.56996563602286	0.0122134910057931
1527	2.56996295846857	0.0121833588548329
1528	2.56996018176000	0.0121532370015066
1529	2.56995730603429	0.0121231256110769
1530	2.56995433142857	0.0120930248488064
1531	2.56995125808000	0.0120629348799576
1532	2.56994808612571	0.0120328558697931
1533	2.56994481570286	0.0120027879835756
1534	2.56994144694857	0.0119727313865676
1535	2.56993798000000	0.0119426862440318
1536	2.56993441499429	0.0119126527212308
1537	2.56993075206857	0.0118826309834271
1538	2.56992699136000	0.0118526211958833
1539	2.56992313300571	0.0118226235238621
1540	2.56991917714286	0.0117926381326260
1541	2.56991512390857	0.0117626651874377
1542	2.56991097344000	0.0117327048535597
1543	2.56990672587429	0.0117027572962546
1544	2.56990238134857	0.0116728226807851
1545	2.56989794000000	0.0116429011724138
1546	2.56989340196571	0.0116129929364032
1547	2.56988876738286	0.0115830981380159
1548	2.56988403638857	0.0115532169425146
1549	2.56987920912000	0.0115233495151618
1550	2.56987428571429	0.0114934960212202
1551	2.56986926630857	0.0114636566259523
1552	2.56986415104000	0.0114338314946207
1553	2.56985894004571	0.0114040207924881
1554	2.56985363346286	0.0113742246848170
1555	2.56984823142857	0.0113444433368700
1556	2.56984273408000	0.0113146769139098
1557	2.56983714155429	0.0112849255811989
1558	2.56983145398857	0.0112551895040000
1559	2.56982567152000	0.0112254688475756
1560	2.56981979428571	0.0111957637771883
1561	2.56981382242286	0.0111660744581008
1562	2.56980775606857	0.0111364010555756
1563	2.56980159536000	0.0111067437348753
1564	2.56979534043429	0.0110771026612626
1565	2.56978899142857	0.0110474780000000
1566	2.56978254848000	0.0110178699163501
1567	2.56977601172571	0.0109882785755756
1568	2.56976938130286	0.0109587041429390
1569	2.56976265734857	0.0109291467837029
1570	2.56975584000000	0.0108996066631300
1571	2.56974892939429	0.0108700839464828
1572	2.56974192566857	0.0108405787990239
1573	2.56973482896000	0.0108110913860159
1574	2.56972763940571	0.0107816218727215
1575	2.56972035714286	0.0107521704244032
1576	2.56971298230857	0.0107227372063236
1577	2.56970551504000	0.0106933223837454
1578	2.56969795547429	0.0106639261219310
1579	2.56969030374857	0.0106345485861432
1580	2.56968256000000	0.0106051899416446
1581	2.56967472436571	0.0105758503536976
1582	2.56966679698286	0.0105465299875650
1583	2.56965877798857	0.0105172290085093
1584	2.56965066752000	0.0104879475817931
1585	2.56964246571429	0.0104586858726790
1586	2.56963417270857	0.0104294440464297
1587	2.56962578864000	0.0104002222683077
1588	2.56961731364571	0.0103710207035756
1589	2.56960874786286	0.0103418395174960
1590	2.56960009142857	0.0103126788753316
1591	2.56959134448000	0.0102835389423448
1592	2.56958250715429	0.0102544198837984
1593	2.56957357958857	0.0102253218649549
1594	2.56956456192000	0.0101962450510769
1595	2.56955545428571	0.0101671896074271
1596	2.56954625682286	0.0101381556992679
1597	2.56953696966857	0.0101091434918621
1598	2.56952759296000	0.0100801531504722
1599	2.56951812683429	0.0100511848403607
1600	2.56950857142857	0.0100222387267904
1601	2.56949892688000	0.00999331497502387
1602	2.56948919332571	0.00996441375032361
1603	2.56947937090286	0.00993553521795226
1604	2.56946945974857	0.00990667954317241
1605	2.56945946000000	0.00987784689124669
1606	2.56944937179429	0.00984903742743767
1607	2.56943919526857	0.00982025131700796
1608	2.56942893056000	0.00979148872522016
1609	2.56941857780571	0.00976274981733687
1610	2.56940813714286	0.00973403475862069
1611	2.56939760870857	0.00970534371433422
1612	2.56938699264000	0.00967667684974005
1613	2.56937628907429	0.00964803433010080
1614	2.56936549814857	0.00961941632067905
1615	2.56935462000000	0.00959082298673740
1616	2.56934365476571	0.00956225449353846
1617	2.56933260258286	0.00953371100634483
1618	2.56932146358857	0.00950519269041910
1619	2.56931023792000	0.00947669971102387
1620	2.56929892571429	0.00944823223342175
1621	2.56928752710857	0.00941979042287533
1622	2.56927604224000	0.00939137444464722
1623	2.56926447124571	0.00936298446400000
1624	2.56925281426286	0.00933462064619628
1625	2.56924107142857	0.00930628315649867
1626	2.56922924288000	0.00927797216016977
1627	2.56921732875429	0.00924968782247215
1628	2.56920532918857	0.00922143030866843
1629	2.56919324432000	0.00919319978402122
1630	2.56918107428571	0.00916499641379311
1631	2.56916881922286	0.00913682036324668
1632	2.56915647926857	0.00910867179764456
1633	2.56914405456000	0.00908055088224934
1634	2.56913154523429	0.00905245778232361
1635	2.56911895142857	0.00902439266312997
1636	2.56910627328000	0.00899635568993103
1637	2.56909351092571	0.00896834702798939
1638	2.56908066450286	0.00894036684256764
1639	2.56906773414857	0.00891241529892838
1640	2.56905472000000	0.00888449256233422
1641	2.56904162219429	0.00885659879804775
1642	2.56902844086857	0.00882873417133157
1643	2.56901517616000	0.00880089884744828
1644	2.56900182820571	0.00877309299166047
1645	2.56898839714286	0.00874531676923077
1646	2.56897488310857	0.00871757034542175
1647	2.56896128624000	0.00868985388549602
1648	2.56894760667429	0.00866216755471618
1649	2.56893384454857	0.00863451151834483
1650	2.56892000000000	0.00860688594164456
1651	2.56890607316571	0.00857929098987799
1652	2.56889206418286	0.00855172682830769
1653	2.56887797318857	0.00852419362219629
1654	2.56886380032000	0.00849669153680637
1655	2.56884954571429	0.00846922073740053
1656	2.56883520950857	0.00844178138924138
1657	2.56882079184000	0.00841437365759151
1658	2.56880629284571	0.00838699770771353
1659	2.56879171266286	0.00835965370487003
1660	2.56877705142857	0.00833234181432360
1661	2.56876230928000	0.00830506220133687
1662	2.56874748635429	0.00827781503117242
1663	2.56873258278857	0.00825060046909284
1664	2.56871759872000	0.00822341868036074
1665	2.56870253428571	0.00819626983023873
1666	2.56868738962286	0.00816915408398939
1667	2.56867216486857	0.00814207160687533
1668	2.56865686016000	0.00811502256415915
1669	2.56864147563429	0.00808800712110345
1670	2.56862601142857	0.00806102544297082
1671	2.56861046768000	0.00803407769502388
1672	2.56859484452571	0.00800716404252520
1673	2.56857914210286	0.00798028465073740
1674	2.56856336054857	0.00795343968492308
1675	2.56854750000000	0.00792662931034483
1676	2.56853156059429	0.00789985369226525
1677	2.56851554246857	0.00787311299594695
1678	2.56849944576000	0.00784640738665252
1679	2.56848327060571	0.00781973702964457
1680	2.56846701714286	0.00779310209018568
1681	2.56845068550857	0.00776650273353846
1682	2.56843427584000	0.00773993912496552
1683	2.56841778827429	0.00771341142972945
1684	2.56840122294857	0.00768691981309284
1685	2.56838458000000	0.00766046444031830
1686	2.56836785956571	0.00763404547666844
1687	2.56835106178286	0.00760766308740584
1688	2.56833418678857	0.00758131743779311
1689	2.56831723472000	0.00755500869309284
1690	2.56830020571429	0.00752873701856764
1691	2.56828309990857	0.00750250257948011
1692	2.56826591744000	0.00747630554109284
1693	2.56824865844571	0.00745014606866843
1694	2.56823132306286	0.00742402432746950
1695	2.56821391142857	0.00739794048275863
1696	2.56819642368000	0.00737189469979841
1697	2.56817885995429	0.00734588714385146
1698	2.56816122038857	0.00731991798018037
1699	2.56814350512000	0.00729398737404775
1700	2.56812571428571	0.00726809549071618
1701	2.56810784802286	0.00724224249544827
1702	2.56808990646857	0.00721642855350663
1703	2.56807188976000	0.00719065383015385
1704	2.56805379803429	0.00716491849065252
1705	2.56803563142857	0.00713922270026525
1706	2.56801739008000	0.00711356662425464
1707	2.56799907412571	0.00708795042788329
1708	2.56798068370286	0.00706237427641379
1709	2.56796221894857	0.00703683833510875
1710	2.56794368000000	0.00701134276923077
1711	2.56792506699429	0.00698588774404244
1712	2.56790638006857	0.00696047342480637
1713	2.56788761936000	0.00693509997678514
1714	2.56786878500571	0.00690976756524138
1715	2.56784987714286	0.00688447635543767
1716	2.56783089590857	0.00685922651263661
1717	2.56781184144000	0.00683401820210079
1718	2.56779271387429	0.00680885158909284
1719	2.56777351334857	0.00678372683887534
1720	2.56775424000000	0.00675864411671088
1721	2.56773489396571	0.00673360358786207
1722	2.56771547538286	0.00670860541759151
1723	2.56769598438857	0.00668364977116181
1724	2.56767642112000	0.00665873681383554
1725	2.56765678571429	0.00663386671087533
1726	2.56763707830857	0.00660903962754377
1727	2.56761729904000	0.00658425572910345
1728	2.56759744804571	0.00655951518081698
1729	2.56757752546286	0.00653481814794695
1730	2.56755753142857	0.00651016479575597
1731	2.56753746608000	0.00648555528950663
1732	2.56751732955429	0.00646098979446154
1733	2.56749712198857	0.00643646847588329
1734	2.56747684352000	0.00641199149903448
1735	2.56745649428571	0.00638755902917772
1736	2.56743607442286	0.00636317123157560
1737	2.56741558406857	0.00633882827149071
1738	2.56739502336000	0.00631453031418568
1739	2.56737439243429	0.00629027752492308
1740	2.56735369142857	0.00626607006896552
1741	2.56733292048000	0.00624190811157560
1742	2.56731207972571	0.00621779181801592
1743	2.56729116930286	0.00619372135354908
1744	2.56727018934857	0.00616969688343767
1745	2.56724914000000	0.00614571857294429
1746	2.56722802139429	0.00612178658733157
1747	2.56720683366857	0.00609790109186207
1748	2.56718557696000	0.00607406225179841
1749	2.56716425140571	0.00605027023240318
1750	2.56714285714286	0.00602652519893899
1751	2.56712139430857	0.00600282731666844
1752	2.56709986304000	0.00597917675085411
1753	2.56707826347429	0.00595557366675862
1754	2.56705659574857	0.00593201822964456
1755	2.56703486000000	0.00590851060477454
1756	2.56701305636571	0.00588505095741114
1757	2.56699118498286	0.00586163945281697
1758	2.56696924598857	0.00583827625625464
1759	2.56694723952000	0.00581496153298674
1760	2.56692516571429	0.00579169544827586
1761	2.56690302470857	0.00576847816738461
1762	2.56688081664000	0.00574530985557560
1763	2.56685854164571	0.00572219067811141
1764	2.56683619986286	0.00569912080025464
1765	2.56681379142857	0.00567610038726790
1766	2.56679131648000	0.00565312960441379
1767	2.56676877515429	0.00563020861695491
1768	2.56674616758857	0.00560733759015385
1769	2.56672349392000	0.00558451668927321
1770	2.56670075428571	0.00556174607957560
1771	2.56667794882286	0.00553902592632361
1772	2.56665507766857	0.00551635639477984
1773	2.56663214096000	0.00549373765020689
1774	2.56660913883429	0.00547116985786737
1775	2.56658607142857	0.00544865318302388
1776	2.56656293888000	0.00542618779093899
1777	2.56653974132571	0.00540377384687533
1778	2.56651647890286	0.00538141151609549
1779	2.56649315174857	0.00535910096386207
1780	2.56646976000000	0.00533684235543767
1781	2.56644630379429	0.00531463585608488
1782	2.56642278326857	0.00529248163106631
1783	2.56639919856000	0.00527037984564456
1784	2.56637554980571	0.00524833066508223
1785	2.56635183714286	0.00522633425464191
1786	2.56632806070857	0.00520439077958621
1787	2.56630422064000	0.00518250040517772
1788	2.56628031707429	0.00516066329667904
1789	2.56625635014857	0.00513887961935278
1790	2.56623232000000	0.00511714953846154
1791	2.56620822676571	0.00509547321926791
1792	2.56618407058286	0.00507385082703448
1793	2.56615985158857	0.00505228252702387
1794	2.56613556992000	0.00503076848449867
1795	2.56611122571429	0.00500930886472149
1796	2.56608681910857	0.00498790383295491
1797	2.56606235024000	0.00496655355446154
1798	2.56603781924571	0.00494525819450398
1799	2.56601322626286	0.00492401791834483
1800	2.56598857142857	0.00490283289124669
1801	2.56596385488000	0.00488170327847215
1802	2.56593907675429	0.00486062924528382
1803	2.56591423718857	0.00483961095694430
1804	2.56588933632000	0.00481864857871618
1805	2.56586437428571	0.00479774227586207
1806	2.56583935122286	0.00477689221364456
1807	2.56581426726857	0.00475609855732626
1808	2.56578912256000	0.00473536147216977
1809	2.56576391723429	0.00471468112343767
1810	2.56573865142857	0.00469405767639257
1811	2.56571332528000	0.00467349129629708
1812	2.56568793892571	0.00465298214841380
1813	2.56566249250286	0.00463253039800531
1814	2.56563698614857	0.00461213621033422
1815	2.56561142000000	0.00459179975066313
1816	2.56558579419429	0.00457152118425465
1817	2.56556010886857	0.00455130067637135
1818	2.56553436416000	0.00453113839227586
1819	2.56550856020571	0.00451103449723077
1820	2.56548269714286	0.00449098915649868
1821	2.56545677510857	0.00447100253534218
1822	2.56543079424000	0.00445107479902387
1823	2.56540475467429	0.00443120611280637
1824	2.56537865654857	0.00441139664195226
1825	2.56535250000000	0.00439164655172414
1826	2.56532628516571	0.00437195600738462
1827	2.56530001218286	0.00435232517419629
1828	2.56527368118857	0.00433275421742175
1829	2.56524729232000	0.00431324330232361
1830	2.56522084571429	0.00429379259416446
1831	2.56519434150857	0.00427440225820690
1832	2.56516777984000	0.00425507245971353
1833	2.56514116084571	0.00423580336394695
1834	2.56511448466286	0.00421659513616976
1835	2.56508775142857	0.00419744794164456
1836	2.56506096128000	0.00417836194563396
1837	2.56503411435429	0.00415933731340053
1838	2.56500721078857	0.00414037421020690
1839	2.56498025072000	0.00412147280131565
1840	2.56495323428571	0.00410263325198939
1841	2.56492616162286	0.00408385572749072
1842	2.56489903286857	0.00406514039308223
1843	2.56487184816000	0.00404648741402653
1844	2.56484460763429	0.00402789695558621
1845	2.56481731142857	0.00400936918302387
1846	2.56478995968000	0.00399090426160212
1847	2.56476255252571	0.00397250235658356
1848	2.56473509010286	0.00395416363323077
1849	2.56470757254857	0.00393588825680637
1850	2.56468000000000	0.00391767639257294
1851	2.56465237259429	0.00389952820579310
1852	2.56462469046857	0.00388144386172945
1853	2.56459695376000	0.00386342352564456
1854	2.56456916260571	0.00384546736280106
1855	2.56454131714286	0.00382757553846154
1856	2.56451341750857	0.00380974821788860
1857	2.56448546384000	0.00379198556634483
1858	2.56445745627429	0.00377428774909284
1859	2.56442939494857	0.00375665493139522
1860	2.56440128000000	0.00373908727851459
1861	2.56437311156571	0.00372158495571353
1862	2.56434488978286	0.00370414812825464
1863	2.56431661478857	0.00368677696140053
1864	2.56428828672000	0.00366947162041380
1865	2.56425990571429	0.00365223227055703
1866	2.56423147190857	0.00363505907709284
1867	2.56420298544000	0.00361795220528382
1868	2.56417444644571	0.00360091182039258
1869	2.56414585506286	0.00358393808768170
1870	2.56411721142857	0.00356703117241379
1871	2.56408851568000	0.00355019123985146
1872	2.56405976795429	0.00353341845525730
1873	2.56403096838857	0.00351671298389390
1874	2.56400211712000	0.00350007499102387
1875	2.56397321428571	0.00348350464190982
1876	2.56394426002286	0.00346700210181433
1877	2.56391525446857	0.00345056753600000
1878	2.56388619776000	0.00343420110972944
1879	2.56385709003429	0.00341790298826525
1880	2.56382793142857	0.00340167333687003
1881	2.56379872208000	0.00338551232080637
1882	2.56376946212571	0.00336942010533687
1883	2.56374015170286	0.00335339685572414
1884	2.56371079094857	0.00333744273723077
1885	2.56368138000000	0.00332155791511936
1886	2.56365191899429	0.00330574255465252
1887	2.56362240806857	0.00328999682109284
1888	2.56359284736000	0.00327432087970292
1889	2.56356323700571	0.00325871489574536
1890	2.56353357714286	0.00324317903448276
1891	2.56350386790857	0.00322771346117772
1892	2.56347410944000	0.00321231834109284
1893	2.56344430187429	0.00319699383949072
1894	2.56341444534857	0.00318174012163395
1895	2.56338454000000	0.00316655735278515
1896	2.56335458596571	0.00315144569820690
1897	2.56332458338286	0.00313640532316180
1898	2.56329453238857	0.00312143639291247
1899	2.56326443312000	0.00310653907272149
1900	2.56323428571429	0.00309171352785146
1901	2.56320409030857	0.00307695992356499
1902	2.56317384704000	0.00306227842512467
1903	2.56314355604571	0.00304766919779310
1904	2.56311321746286	0.00303313240683289
1905	2.56308283142857	0.00301866821750663
1906	2.56305239808000	0.00300427679507692
1907	2.56302191755429	0.00298995830480637
1908	2.56299138998857	0.00297571291195756
1909	2.56296081552000	0.00296154078179310
1910	2.56293019428571	0.00294744207957560
1911	2.56289952642286	0.00293341697056764
1912	2.56286881206857	0.00291946562003183
1913	2.56283805136000	0.00290558819323077
1914	2.56280724443429	0.00289178485542706
1915	2.56277639142857	0.00287805577188329
1916	2.56274549248000	0.00286440110786207
1917	2.56271454772571	0.00285082102862600
1918	2.56268355730286	0.00283731569943766
1919	2.56265252134857	0.00282388528555968
1920	2.56262144000000	0.00281052995225464
1921	2.56259031339429	0.00279724986478514
1922	2.56255914166857	0.00278404518841379
1923	2.56252792496000	0.00277091608840318
1924	2.56249666340571	0.00275786273001592
1925	2.56246535714286	0.00274488527851459
1926	2.56243400630857	0.00273198389916180
1927	2.56240261104000	0.00271915875722016
1928	2.56237117147429	0.00270641001795226
1929	2.56233968774857	0.00269373784662069
1930	2.56230816000000	0.00268114240848807
1931	2.56227658836571	0.00266862386881698
1932	2.56224497298286	0.00265618239287003
1933	2.56221331398857	0.00264381814590982
1934	2.56218161152000	0.00263153129319894
1935	2.56214986571429	0.00261932200000000
1936	2.56211807670857	0.00260719043157560
1937	2.56208624464000	0.00259513675318833
1938	2.56205436964571	0.00258316113010080
1939	2.56202245186286	0.00257126372757560
1940	2.56199049142857	0.00255944471087533
1941	2.56195848848000	0.00254770424526260
1942	2.56192644315429	0.00253604249600000
1943	2.56189435558857	0.00252445962835013
1944	2.56186222592000	0.00251295580757560
1945	2.56183005428571	0.00250153119893899
1946	2.56179784082286	0.00249018596770292
1947	2.56176558566857	0.00247892027912997
1948	2.56173328896000	0.00246773429848276
1949	2.56170095083429	0.00245662819102387
1950	2.56166857142857	0.00244560212201592
1951	2.56163615088000	0.00243465625672148
1952	2.56160368932571	0.00242379076040318
1953	2.56157118690286	0.00241300579832361
1954	2.56153864374857	0.00240230153574536
1955	2.56150606000000	0.00239167813793103
1956	2.56147343579429	0.00238113577014324
1957	2.56144077126857	0.00237067459764456
1958	2.56140806656000	0.00236029478569761
1959	2.56137532180571	0.00234999649956499
1960	2.56134253714286	0.00233977990450928
1961	2.56130971270857	0.00232964516579311
1962	2.56127684864000	0.00231959244867905
1963	2.56124394507429	0.00230962191842971
1964	2.56121100214857	0.00229973374030769
1965	2.56117802000000	0.00228992807957560
1966	2.56114499876571	0.00228020510149602
1967	2.56111193858286	0.00227056497133156
1968	2.56107883958857	0.00226100785434483
1969	2.56104570192000	0.00225153391579841
1970	2.56101252571429	0.00224214332095491
1971	2.56097931110857	0.00223283623507692
1972	2.56094605824000	0.00222361282342706
1973	2.56091276724571	0.00221447325126791
1974	2.56087943826286	0.00220541768386207
1975	2.56084607142857	0.00219644628647215
1976	2.56081266688000	0.00218755922436074
1977	2.56077922475429	0.00217875666279045
1978	2.56074574518857	0.00217003876702387
1979	2.56071222832000	0.00216140570232361
1980	2.56067867428571	0.00215285763395225
1981	2.56064508322286	0.00214439472717242
1982	2.56061145526857	0.00213601714724668
1983	2.56057779056000	0.00212772505943767
1984	2.56054408923429	0.00211951862900796
1985	2.56051035142857	0.00211139802122016
1986	2.56047657728000	0.00210336340133687
1987	2.56044276692571	0.00209541493462069
1988	2.56040892050286	0.00208755278633422
1989	2.56037503814857	0.00207977712174006
1990	2.56034112000000	0.00207208810610080
1991	2.56030716619429	0.00206448590467905
1992	2.56027317686857	0.00205697068273740
1993	2.56023915216000	0.00204954260553846
1994	2.56020509220571	0.00204220183834483
1995	2.56017099714286	0.00203494854641910
1996	2.56013686710857	0.00202778289502387
1997	2.56010270224000	0.00202070504942175
1998	2.56006850267429	0.00201371517487533
1999	2.56003426854857	0.00200681343664721
2000	2.56000000000000	0.00200000000000000
2001	2.55996547157143	0.00199323385107692
2002	2.55993045828571	0.00198647388553846
2003	2.55989496100000	0.00197972013292308
2004	2.55985898057143	0.00197297262276923
2005	2.55982251785714	0.00196623138461539
2006	2.55978557371429	0.00195949644800000
2007	2.55974814900000	0.00195276784246154
2008	2.55971024457143	0.00194604559753846
2009	2.55967186128571	0.00193932974276923
2010	2.55963300000000	0.00193262030769231
2011	2.55959366157143	0.00192591732184615
2012	2.55955384685714	0.00191922081476923
2013	2.55951355671429	0.00191253081600000
2014	2.55947279200000	0.00190584735507692
2015	2.55943155357143	0.00189917046153846
2016	2.55938984228571	0.00189250016492308
2017	2.55934765900000	0.00188583649476923
2018	2.55930500457143	0.00187917948061539
2019	2.55926187985714	0.00187252915200000
2020	2.55921828571429	0.00186588553846154
2021	2.55917422300000	0.00185924866953846
2022	2.55912969257143	0.00185261857476923
2023	2.55908469528571	0.00184599528369231
2024	2.55903923200000	0.00183937882584615
2025	2.55899330357143	0.00183276923076923
2026	2.55894691085714	0.00182616652800000
2027	2.55890005471429	0.00181957074707692
2028	2.55885273600000	0.00181298191753846
2029	2.55880495557143	0.00180640006892308
2030	2.55875671428571	0.00179982523076923
2031	2.55870801300000	0.00179325743261538
2032	2.55865885257143	0.00178669670400000
2033	2.55860923385714	0.00178014307446154
2034	2.55855915771429	0.00177359657353846
2035	2.55850862500000	0.00176705723076923
2036	2.55845763657143	0.00176052507569231
2037	2.55840619328571	0.00175400013784615
2038	2.55835429600000	0.00174748244676923
2039	2.55830194557143	0.00174097203200000
2040	2.55824914285714	0.00173446892307692
2041	2.55819588871429	0.00172797314953846
2042	2.55814218400000	0.00172148474092308
2043	2.55808802957143	0.00171500372676923
2044	2.55803342628571	0.00170853013661538
2045	2.55797837500000	0.00170206400000000
2046	2.55792287657143	0.00169560534646154
2047	2.55786693185714	0.00168915420553846
2048	2.55781054171429	0.00168271060676923
2049	2.55775370700000	0.00167627457969231
2050	2.55769642857143	0.00166984615384616
2051	2.55763870728571	0.00166342535876923
2052	2.55758054400000	0.00165701222400000
2053	2.55752193957143	0.00165060677907692
2054	2.55746289485714	0.00164420905353846
2055	2.55740341071429	0.00163781907692308
2056	2.55734348800000	0.00163143687876923
2057	2.55728312757143	0.00162506248861539
2058	2.55722233028571	0.00161869593600000
2059	2.55716109700000	0.00161233725046154
2060	2.55709942857143	0.00160598646153846
2061	2.55703732585714	0.00159964359876923
2062	2.55697478971429	0.00159330869169231
2063	2.55691182100000	0.00158698176984615
2064	2.55684842057143	0.00158066286276923
2065	2.55678458928571	0.00157435200000000
2066	2.55672032800000	0.00156804921107692
2067	2.55665563757143	0.00156175452553846
2068	2.55659051885714	0.00155546797292308
2069	2.55652497271429	0.00154918958276923
2070	2.55645900000000	0.00154291938461539
2071	2.55639260157143	0.00153665740800000
2072	2.55632577828571	0.00153040368246154
2073	2.55625853100000	0.00152415823753846
2074	2.55619086057143	0.00151792110276923
2075	2.55612276785714	0.00151169230769231
2076	2.55605425371429	0.00150547188184615
2077	2.55598531900000	0.00149925985476923
2078	2.55591596457143	0.00149305625600000
2079	2.55584619128571	0.00148686111507692
2080	2.55577600000000	0.00148067446153846
2081	2.55570539157143	0.00147449632492308
2082	2.55563436685714	0.00146832673476923
2083	2.55556292671429	0.00146216572061538
2084	2.55549107200000	0.00145601331200000
2085	2.55541880357143	0.00144986953846154
2086	2.55534612228571	0.00144373442953846
2087	2.55527302900000	0.00143760801476923
2088	2.55519952457143	0.00143149032369231
2089	2.55512560985714	0.00142538138584615
2090	2.55505128571429	0.00141928123076923
2091	2.55497655300000	0.00141318988800000
2092	2.55490141257143	0.00140710738707692
2093	2.55482586528571	0.00140103375753846
2094	2.55474991200000	0.00139496902892308
2095	2.55467355357143	0.00138891323076923
2096	2.55459679085714	0.00138286639261538
2097	2.55451962471429	0.00137682854400000
2098	2.55444205600000	0.00137079971446154
2099	2.55436408557143	0.00136477993353846
2100	2.55428571428571	0.00135876923076923
2101	2.55420694300000	0.00135276763569231
2102	2.55412777257143	0.00134677517784615
2103	2.55404820385714	0.00134079188676923
2104	2.55396823771429	0.00133481779200000
2105	2.55388787500000	0.00132885292307692
2106	2.55380711657143	0.00132289730953846
2107	2.55372596328571	0.00131695098092308
2108	2.55364441600000	0.00131101396676923
2109	2.55356247557143	0.00130508629661538
2110	2.55348014285714	0.00129916800000000
2111	2.55339741871429	0.00129325910646154
2112	2.55331430400000	0.00128735964553846
2113	2.55323079957143	0.00128146964676923
2114	2.55314690628571	0.00127558913969231
2115	2.55306262500000	0.00126971815384615
2116	2.55297795657143	0.00126385671876923
2117	2.55289290185714	0.00125800486400000
2118	2.55280746171429	0.00125216261907692
2119	2.55272163700000	0.00124633001353846
2120	2.55263542857143	0.00124050707692308
2121	2.55254883728571	0.00123469383876923
2122	2.55246186400000	0.00122889032861539
2123	2.55237450957143	0.00122309657600000
2124	2.55228677485714	0.00121731261046154
2125	2.55219866071429	0.00121153846153846
2126	2.55211016800000	0.00120577415876923
2127	2.55202129757143	0.00120001973169231
2128	2.55193205028571	0.00119427520984615
2129	2.55184242700000	0.00118854062276923
2130	2.55175242857143	0.00118281600000000
2131	2.55166205585714	0.00117710137107692
2132	2.55157130971429	0.00117139676553846
2133	2.55148019100000	0.00116570221292308
2134	2.55138870057143	0.00116001774276923
2135	2.55129683928571	0.00115434338461539
2136	2.55120460800000	0.00114867916800000
2137	2.55111200757143	0.00114302512246154
2138	2.55101903885714	0.00113738127753846
2139	2.55092570271429	0.00113174766276923
2140	2.55083200000000	0.00112612430769231
2141	2.55073793157143	0.00112051124184615
2142	2.55064349828571	0.00111490849476923
2143	2.55054870100000	0.00110931609600000
2144	2.55045354057143	0.00110373407507692
2145	2.55035801785714	0.00109816246153846
2146	2.55026213371429	0.00109260128492308
2147	2.55016588900000	0.00108705057476923
2148	2.55006928457143	0.00108151036061538
2149	2.54997232128571	0.00107598067200000
2150	2.54987500000000	0.00107046153846154
2151	2.54977732157143	0.00106495298953846
2152	2.54967928685714	0.00105945505476923
2153	2.54958089671429	0.00105396776369231
2154	2.54948215200000	0.00104849114584615
2155	2.54938305357143	0.00104302523076923
2156	2.54928360228571	0.00103757004800000
2157	2.54918379900000	0.00103212562707692
2158	2.54908364457143	0.00102669199753846
2159	2.54898313985714	0.00102126918892308
2160	2.54888228571429	0.00101585723076923
2161	2.54878108300000	0.00101045615261538
2162	2.54867953257143	0.00100506598400000
2163	2.54857763528571	0.000999686754461540
2164	2.54847539200000	0.000994318493538461
2165	2.54837280357143	0.000988961230769231
2166	2.54826987085714	0.000983614995692308
2167	2.54816659471429	0.000978279817846155
2168	2.54806297600000	0.000972955726769230
2169	2.54795901557143	0.000967642752000000
2170	2.54785471428571	0.000962340923076924
2171	2.54775007300000	0.000957050269538463
2172	2.54764509257143	0.000951770820923076
2173	2.54753977385714	0.000946502606769231
2174	2.54743411771429	0.000941245656615385
2175	2.54732812500000	0.000936000000000001
2176	2.54722179657143	0.000930765666461538
2177	2.54711513328571	0.000925542685538461
2178	2.54700813600000	0.000920331086769231
2179	2.54690080557143	0.000915130899692309
2180	2.54679314285714	0.000909942153846153
2181	2.54668514871429	0.000904764878769231
2182	2.54657682400000	0.000899599104000000
2183	2.54646816957143	0.000894444859076924
2184	2.54635918628571	0.000889302173538461
2185	2.54624987500000	0.000884171076923077
2186	2.54614023657143	0.000879051598769231
2187	2.54603027185714	0.000873943768615385
2188	2.54591998171429	0.000868847615999999
2189	2.54580936700000	0.000863763170461538
2190	2.54569842857143	0.000858690461538462
2191	2.54558716728571	0.000853629518769232
2192	2.54547558400000	0.000848580371692307
2193	2.54536367957143	0.000843543049846154
2194	2.54525145485714	0.000838517582769231
2195	2.54513891071429	0.000833504000000001
2196	2.54502604800000	0.000828502331076922
2197	2.54491286757143	0.000823512605538461
2198	2.54479937028571	0.000818534852923077
2199	2.54468555700000	0.000813569102769232
2200	2.54457142857143	0.000808615384615384
2201	2.54445698585714	0.000803673728000000
2202	2.54434222971429	0.000798744162461539
2203	2.54422716100000	0.000793826717538462
2204	2.54411178057143	0.000788921422769230
2205	2.54399608928571	0.000784028307692307
2206	2.54388008800000	0.000779147401846154
2207	2.54376377757143	0.000774278734769232
2208	2.54364715885714	0.000769422335999999
2209	2.54353023271429	0.000764578235076923
2210	2.54341300000000	0.000759746461538462
2211	2.54329546157143	0.000754927044923078
2212	2.54317761828571	0.000750120014769232
2213	2.54305947100000	0.000745325400615384
2214	2.54294102057143	0.000740543232000000
2215	2.54282226785714	0.000735773538461539
2216	2.54270321371429	0.000731016349538461
2217	2.54258385900000	0.000726271694769230
2218	2.54246420457143	0.000721539603692308
2219	2.54234425128571	0.000716820105846155
2220	2.54222400000000	0.000712113230769232
2221	2.54210345157143	0.000707419008000000
2222	2.54198260685714	0.000702737467076923
2223	2.54186146671429	0.000698068637538462
2224	2.54174003200000	0.000693412548923076
2225	2.54161830357143	0.000688769230769230
2226	2.54149628228571	0.000684138712615385
2227	2.54137396900000	0.000679521024000001
2228	2.54125136457143	0.000674916194461540
2229	2.54112846985714	0.000670324253538461
2230	2.54100528571429	0.000665745230769231
2231	2.54088181300000	0.000661179155692308
2232	2.54075805257143	0.000656626057846153
2233	2.54063400528571	0.000652085966769230
2234	2.54050967200000	0.000647558912000000
2235	2.54038505357143	0.000643044923076924
2236	2.54026015085714	0.000638544029538463
2237	2.54013496471429	0.000634056260923077
2238	2.54000949600000	0.000629581646769231
2239	2.53988374557143	0.000625120216615385
2240	2.53975771428571	0.000620671999999999
2241	2.53963140300000	0.000616237026461538
2242	2.53950481257143	0.000611815325538462
2243	2.53937794385714	0.000607406926769231
2244	2.53925079771429	0.000603011859692309
2245	2.53912337500000	0.000598630153846153
2246	2.53899567657143	0.000594261838769231
2247	2.53886770328571	0.000589906944000000
2248	2.53873945600000	0.000585565499076922
2249	2.53861093557143	0.000581237533538461
2250	2.53848214285714	0.000576923076923077
2251	2.53835307871429	0.000572622158769231
2252	2.53822374400000	0.000568334808615386
2253	2.53809413957143	0.000564061056000000
2254	2.53796426628571	0.000559800930461538
2255	2.53783412500000	0.000555554461538462
2256	2.53770371657143	0.000551321678769230
2257	2.53757304185714	0.000547102611692307
2258	2.53744210171429	0.000542897289846154
2259	2.53731089700000	0.000538705742769231
2260	2.53717942857143	0.000534528000000001
2261	2.53704769728571	0.000530364091076923
2262	2.53691570400000	0.000526214045538462
2263	2.53678344957143	0.000522077892923077
2264	2.53665093485714	0.000517955662769232
2265	2.53651816071429	0.000513847384615384
2266	2.53638512800000	0.000509753088000000
2267	2.53625183757143	0.000505672802461539
2268	2.53611829028571	0.000501606557538462
2269	2.53598448700000	0.000497554382769230
2270	2.53585042857143	0.000493516307692307
2271	2.53571611585714	0.000489492361846154
2272	2.53558154971429	0.000485482574769232
2273	2.53544673100000	0.000481486976000000
2274	2.53531166057143	0.000477505595076923
2275	2.53517633928571	0.000473538461538462
2276	2.53504076800000	0.000469585604923078
2277	2.53490494757143	0.000465647054769230
2278	2.53476887885714	0.000461722840615385
2279	2.53463256271429	0.000457812992000000
2280	2.53449600000000	0.000453917538461539
2281	2.53435919157143	0.000450036509538461
2282	2.53422213828571	0.000446169934769231
2283	2.53408484100000	0.000442317843692308
2284	2.53394730057143	0.000438480265846155
2285	2.53380951785714	0.000434657230769230
2286	2.53367149371429	0.000430848768000000
2287	2.53353322900000	0.000427054907076923
2288	2.53339472457143	0.000423275677538462
2289	2.53325598128571	0.000419511108923076
2290	2.53311700000000	0.000415761230769231
2291	2.53297778157143	0.000412026072615385
2292	2.53283832685714	0.000408305664000001
2293	2.53269863671429	0.000404600034461538
2294	2.53255871200000	0.000400909213538461
2295	2.53241855357143	0.000397233230769231
2296	2.53227816228571	0.000393572115692308
2297	2.53213753900000	0.000389925897846153
2298	2.53199668457143	0.000386294606769231
2299	2.53185559985714	0.000382678272000000
2300	2.53171428571429	0.000379076923076924
2301	2.53157274300000	0.000375490589538461
2302	2.53143097257143	0.000371919300923077
2303	2.53128897528571	0.000368363086769231
2304	2.53114675200000	0.000364821976615385
2305	2.53100430357143	0.000361296000000000
2306	2.53086163085714	0.000357785186461538
2307	2.53071873471429	0.000354289565538462
2308	2.53057561600000	0.000350809166769231
2309	2.53043227557143	0.000347344019692307
2310	2.53028871428571	0.000343894153846154
2311	2.53014493300000	0.000340459598769231
2312	2.53000093257143	0.000337040384000001
2313	2.52985671385714	0.000333636539076923
2314	2.52971227771429	0.000330248093538462
2315	2.52956762500000	0.000326875076923077
2316	2.52942275657143	0.000323517518769231
2317	2.52927767328571	0.000320175448615384
2318	2.52913237600000	0.000316848896000000
2319	2.52898686557143	0.000313537890461539
2320	2.52884114285714	0.000310242461538462
2321	2.52869520871429	0.000306962638769230
2322	2.52854906400000	0.000303698451692307
2323	2.52840270957143	0.000300449929846154
2324	2.52825614628571	0.000297217102769232
2325	2.52810937500000	0.000293999999999999
2326	2.52796239657143	0.000290798651076923
2327	2.52781521185714	0.000287613085538462
2328	2.52766782171429	0.000284443332923077
2329	2.52752022700000	0.000281289422769230
2330	2.52737242857143	0.000278151384615385
2331	2.52722442728571	0.000275029248000000
2332	2.52707622400000	0.000271923042461539
2333	2.52692781957143	0.000268832797538461
2334	2.52677921485714	0.000265758542769231
2335	2.52663041071429	0.000262700307692308
2336	2.52648140800000	0.000259658121846154
2337	2.52633220757143	0.000256632014769230
2338	2.52618281028571	0.000253622016000000
2339	2.52603321700000	0.000250628155076923
2340	2.52588342857143	0.000247650461538462
2341	2.52573344585714	0.000244688964923076
2342	2.52558326971429	0.000241743694769230
2343	2.52543290100000	0.000238814680615385
2344	2.52528234057143	0.000235901952000000
2345	2.52513158928571	0.000233005538461538
2346	2.52498064800000	0.000230125469538461
2347	2.52482951757143	0.000227261774769231
2348	2.52467819885714	0.000224414483692308
2349	2.52452669271429	0.000221583625846153
2350	2.52437500000000	0.000218769230769231
2351	2.52422312157143	0.000215971328000000
2352	2.52407105828571	0.000213189947076924
2353	2.52391881100000	0.000210425117538461
2354	2.52376638057143	0.000207676868923077
2355	2.52361376785714	0.000204945230769231
2356	2.52346097371429	0.000202230232615385
2357	2.52330799900000	0.000199531903999999
2358	2.52315484457143	0.000196850274461538
2359	2.52300151128571	0.000194185373538462
2360	2.52284800000000	0.000191537230769231
2361	2.52269431157143	0.000188905875692308
2362	2.52254044685714	0.000186291337846154
2363	2.52238640671429	0.000183693646769231
2364	2.52223219200000	0.000181112832000000
2365	2.52207780357143	0.000178548923076923
2366	2.52192324228571	0.000176001949538461
2367	2.52176850900000	0.000173471940923077
2368	2.52161360457143	0.000170958926769231
2369	2.52145852985714	0.000168462936615385
2370	2.52130328571429	0.000165984000000000
2371	2.52114787300000	0.000163522146461538
2372	2.52099229257143	0.000161077405538462
2373	2.52083654528571	0.000158649806769230
2374	2.52068063200000	0.000156239379692307
2375	2.52052455357143	0.000153846153846154
2376	2.52036831085714	0.000151470158769231
2377	2.52021190471429	0.000149111424000000
2378	2.52005533600000	0.000146769979076923
2379	2.51989860557143	0.000144445853538461
2380	2.51974171428571	0.000142139076923077
2381	2.51958466300000	0.000139849678769231
2382	2.51942745257143	0.000137577688615384
2383	2.51927008385714	0.000135323136000000
2384	2.51911255771429	0.000133086050461539
2385	2.51895487500000	0.000130866461538462
2386	2.51879703657143	0.000128664398769230
2387	2.51863904328571	0.000126479891692308
2388	2.51848089600000	0.000124312969846154
2389	2.51832259557143	0.000122163662769231
2390	2.51816414285714	0.000120032000000000
2391	2.51800553871429	0.000117918011076923
2392	2.51784678400000	0.000115821725538462
2393	2.51768787957143	0.000113743172923077
2394	2.51752882628571	0.000111682382769231
2395	2.51736962500000	0.000109639384615385
2396	2.51721027657143	0.000107614208000000
2397	2.51705078185714	0.000105606882461539
2398	2.51689114171429	0.000103617437538461
2399	2.51673135700000	0.000101645902769231
2400	2.51657142857143	9.96923076923076e-05
2401	2.51641135728571	9.77566818461543e-05
2402	2.51625114400000	9.58390547692305e-05
2403	2.51609078957143	9.39394560000000e-05
2404	2.51593029485714	9.20579150769233e-05
2405	2.51576966071429	9.01944615384616e-05
2406	2.51560888800000	8.83491249230766e-05
2407	2.51544797757143	8.65219347692306e-05
2408	2.51528693028571	8.47129206153847e-05
2409	2.51512574700000	8.29221120000005e-05
2410	2.51496442857143	8.11495384615381e-05
2411	2.51480297585714	7.93952295384617e-05
2412	2.51464138971429	7.76592147692309e-05
2413	2.51447967100000	7.59415236923080e-05
2414	2.51431782057143	7.42421858461535e-05
2415	2.51415583928571	7.25612307692306e-05
2416	2.51399372800000	7.08986880000001e-05
2417	2.51383148757143	6.92545870769230e-05
2418	2.51366911885714	6.76289575384616e-05
2419	2.51350662271429	6.60218289230770e-05
2420	2.51334400000000	6.44332307692310e-05
2421	2.51318125157143	6.28631926153846e-05
2422	2.51301837828571	6.13117439999997e-05
2423	2.51285538100000	5.97789144615383e-05
2424	2.51269226057143	5.82647335384615e-05
2425	2.51252901785714	5.67692307692313e-05
2426	2.51236565371429	5.52924356923075e-05
2427	2.51220216900000	5.38343778461539e-05
2428	2.51203856457143	5.23950867692309e-05
2429	2.51187484128571	5.09745920000001e-05
2430	2.51171100000000	4.95729230769230e-05
2431	2.51154704157143	4.81901095384615e-05
2432	2.51138296685714	4.68261809230771e-05
2433	2.51121877671429	4.54811667692312e-05
2434	2.51105447200000	4.41550966153842e-05
2435	2.51089005357143	4.28479999999998e-05
2436	2.51072552228571	4.15599064615387e-05
2437	2.51056087900000	4.02908455384619e-05
2438	2.51039612457143	3.90408467692309e-05
2439	2.51023125985714	3.78099396923081e-05
2440	2.51006628571429	3.65981538461542e-05
2441	2.50990120300000	3.54055187692308e-05
2442	2.50973601257143	3.42320640000001e-05
2443	2.50957071528571	3.30778190769229e-05
2444	2.50940531200000	3.19428135384615e-05
2445	2.50923980357143	3.08270769230775e-05
2446	2.50907419085714	2.97306387692306e-05
2447	2.50890847471429	2.86535286153846e-05
2448	2.50874265600000	2.75957760000004e-05
2449	2.50857673557143	2.65574104615384e-05
2450	2.50841071428571	2.55384615384614e-05
2451	2.50824459300000	2.45389587692308e-05
2452	2.50807837257143	2.35589316923083e-05
2453	2.50791205385714	2.25984098461544e-05
2454	2.50774563771429	2.16574227692307e-05
2455	2.50757912500000	2.07359999999999e-05
2456	2.50741251657143	1.98341710769233e-05
2457	2.50724581328571	1.89519655384614e-05
2458	2.50707901600000	1.80894129230766e-05
2459	2.50691212557143	1.72465427692309e-05
2460	2.50674514285714	1.64233846153845e-05
2461	2.50657806871429	1.56199679999997e-05
2462	2.50641090400000	1.48363224615387e-05
2463	2.50624364957143	1.40724775384614e-05
2464	2.50607630628571	1.33284627692309e-05
2465	2.50590887500000	1.26043076923077e-05
2466	2.50574135657143	1.19000418461537e-05
2467	2.50557375185714	1.12156947692306e-05
2468	2.50540606171429	1.05512960000003e-05
2469	2.50523828700000	9.90687507692331e-06
2470	2.50507042857143	9.28246153846131e-06
2471	2.50490248728571	8.67808492307706e-06
2472	2.50473446400000	8.09377476923079e-06
2473	2.50456635957143	7.52956061538445e-06
2474	2.50439817485714	6.98547200000000e-06
2475	2.50422991071429	6.46153846153852e-06
2476	2.50406156800000	5.95778953846153e-06
2477	2.50389314757143	5.47425476923099e-06
2478	2.50372465028571	5.01096369230755e-06
2479	2.50355607700000	4.56794584615403e-06
2480	2.50338742857143	4.14523076923065e-06
2481	2.50321870585714	3.74284799999980e-06
2482	2.50304990971429	3.36082707692344e-06
2483	2.50288104100000	2.99919753846134e-06
2484	2.50271210057143	2.65798892307677e-06
2485	2.50254308928571	2.33723076923124e-06
2486	2.50237400800000	2.03695261538454e-06
2487	2.50220485757143	1.75718399999993e-06
2488	2.50203563885714	1.49795446153893e-06
2489	2.50186635271429	1.25929353846175e-06
2490	2.50169700000000	1.04123076923078e-06
2491	2.50152758157143	8.43795692307987e-07
2492	2.50135809828571	6.67017846153577e-07
2493	2.50118855100000	5.10926769230376e-07
2494	2.50101894057143	3.75551999999904e-07
2495	2.50084926785714	2.60923076923249e-07
2496	2.50067953371429	1.67069538461496e-07
2497	2.50050973900000	9.40209230770352e-08
2498	2.50033988457143	4.18067692305180e-08
2499	2.50016997128571	1.04566153847664e-08
2500	2.50000000000000	0
