300	1.34745998707649	1.67941907121843
301	1.34456877920630	1.68637662215040
302	1.34173536270658	1.69316663537660
303	1.33896244333924	1.69977815949176
304	1.33625272686620	1.70620024309060
305	1.33360891904939	1.71242193476784
306	1.33103372565072	1.71843228311822
307	1.32852985243212	1.72422033673646
308	1.32610000515550	1.72977514421729
309	1.32374688958278	1.73508575415542
310	1.32147321147589	1.74014121514560
311	1.31930696294112	1.74494958318911
312	1.31725688063714	1.74954291515923
313	1.31529678715442	1.75394626095863
314	1.31340050508342	1.75818467048997
315	1.31154185701461	1.76228319365594
316	1.30969466553846	1.76626688035919
317	1.30783275324542	1.77016078050240
318	1.30592994272597	1.77398994398824
319	1.30396005657056	1.77777942071939
320	1.30189691736968	1.78155426059850
321	1.29973237887503	1.78524492374489
322	1.29748778217947	1.78878943312519
323	1.29518118088514	1.79222418291311
324	1.29283062859417	1.79558556728233
325	1.29045417890870	1.79890998040653
326	1.28806988543087	1.80223381645940
327	1.28569580176282	1.80559346961464
328	1.28334998150669	1.80902533404592
329	1.28105047826462	1.81256580392695
330	1.27881534563876	1.81625127343140
331	1.27666519927842	1.82010246396867
332	1.27459231553172	1.82409567626808
333	1.27257223904898	1.82820067348318
334	1.27058051448052	1.83238721876753
335	1.26859268647664	1.83662507527468
336	1.26658429968766	1.84088400615819
337	1.26453089876390	1.84513377457162
338	1.26240802835567	1.84934414366852
339	1.26019123311327	1.85348487660244
340	1.25785605768704	1.85752573652695
341	1.25535479163608	1.86145268477653
342	1.25268162080741	1.86528972580100
343	1.24987493428319	1.86906368742687
344	1.24697312114557	1.87280139748067
345	1.24401457047671	1.87652968378893
346	1.24103767135876	1.88027537417818
347	1.23808081287389	1.88406529647493
348	1.23518238410424	1.88792627850572
349	1.23238077413198	1.89188514809707
350	1.22971437203926	1.89596873307550
351	1.22715939188347	1.90016417359767
352	1.22466128729609	1.90443893034799
353	1.22221230672035	1.90879031194459
354	1.21980469859952	1.91321562700561
355	1.21743071137685	1.91771218414918
356	1.21508259349559	1.92227729199346
357	1.21275259339900	1.92690825915657
358	1.21043295953031	1.93160239425666
359	1.20811594033280	1.93635700591187
360	1.20579378424971	1.94116940274032
361	1.20345111845317	1.94607565909854
362	1.20108728944329	1.95110077909642
363	1.19871662465529	1.95622546598221
364	1.19635345152439	1.96143042300414
365	1.19401209748582	1.96669635341045
366	1.19170688997479	1.97200396044940
367	1.18945215642652	1.97733394736921
368	1.18726222427624	1.98266701741813
369	1.18515142095916	1.98798387384440
370	1.18313407391051	1.99326521989626
371	1.18124260279284	1.99857717618341
372	1.17947704021667	2.00397652680233
373	1.17780313303920	2.00942997023143
374	1.17618662811764	2.01490420494914
375	1.17459327230918	2.02036592943388
376	1.17298881247102	2.02578184216405
377	1.17133899546035	2.03111864161809
378	1.16960956813438	2.03634302627440
379	1.16776627735031	2.04142169461141
380	1.16577486996533	2.04632134510753
381	1.16357521262765	2.05100676084987
382	1.16116201169594	2.05549683634523
383	1.15858327359304	2.05983943720154
384	1.15588700474183	2.06408242902676
385	1.15312121156515	2.06827367742882
386	1.15033390048588	2.07246104801567
387	1.14757307792686	2.07669240639524
388	1.14488675031096	2.08101561817549
389	1.14232292406103	2.08547854896435
390	1.13992960559994	2.09012906436977
391	1.13768657911591	2.09497911221446
392	1.13553018642702	2.09998889104300
393	1.13344327040092	2.10512864254611
394	1.13140867390527	2.11036860841451
395	1.12940923980771	2.11567903033891
396	1.12742781097591	2.12103015001003
397	1.12544723027752	2.12639220911859
398	1.12345034058018	2.13173544935531
399	1.12141998475155	2.13703011241091
400	1.11933900565928	2.14224643997611
401	1.11717947475811	2.14737807307047
402	1.11494354454282	2.15245237288001
403	1.11265917944119	2.15749016134508
404	1.11035434388098	2.16251226040605
405	1.10805700228997	2.16753949200330
406	1.10579511909592	2.17259267807719
407	1.10359665872661	2.17769264056809
408	1.10148958560979	2.18286020141636
409	1.09950186417323	2.18811618256238
410	1.09766145884471	2.19348140594652
411	1.09596120187265	2.19898258517959
412	1.09436230585926	2.20461466429831
413	1.09284530576297	2.21035081088180
414	1.09139073654224	2.21616419250922
415	1.08997913315551	2.22202797675970
416	1.08859103056122	2.22791533121239
417	1.08720696371781	2.23379942344643
418	1.08580746758373	2.23965342104096
419	1.08437307711743	2.24545049157513
420	1.08288432727734	2.25116380262808
421	1.08132723217479	2.25680885316979
422	1.07971408387383	2.26242224919040
423	1.07806483426200	2.26800881879925
424	1.07639943522685	2.27357339010569
425	1.07473783865591	2.27912079121906
426	1.07309999643673	2.28465585024870
427	1.07150586045684	2.29018339530397
428	1.06997538260379	2.29570825449421
429	1.06852851476512	2.30123525592877
430	1.06718520882836	2.30676922771699
431	1.06592353964260	2.31232044842194
432	1.06470674240845	2.31788962877287
433	1.06353250954078	2.32346724512837
434	1.06239853345445	2.32904377384704
435	1.06130250656434	2.33460969128746
436	1.06024212128529	2.34015547380824
437	1.05921507003218	2.34567159776798
438	1.05821904521988	2.35114853952526
439	1.05725173926323	2.35657677543869
440	1.05631084457712	2.36194678186686
441	1.05538139467399	2.36725788748550
442	1.05445566545325	2.37252010137934
443	1.05354221291016	2.37773992052048
444	1.05264959304001	2.38292384188104
445	1.05178636183808	2.38807836243310
446	1.05096107529963	2.39320997914879
447	1.05018228941995	2.39832518900020
448	1.04945856019432	2.40343048895945
449	1.04879844361801	2.40853237599863
450	1.04821049568629	2.41363734708985
451	1.04768224863428	2.41876181838319
452	1.04719224855897	2.42390823432634
453	1.04673557224847	2.42906213433785
454	1.04630729649091	2.43420905783622
455	1.04590249807442	2.43933454423999
456	1.04551625378711	2.44442413296768
457	1.04514364041710	2.44946336343783
458	1.04477973475253	2.45443777506895
459	1.04441961358150	2.45933290727957
460	1.04405835369214	2.46413429948823
461	1.04368045555799	2.46885329093137
462	1.04328190421584	2.47351267269002
463	1.04287500329868	2.47811516194955
464	1.04247205643951	2.48266347589536
465	1.04208536727131	2.48716033171280
466	1.04172723942708	2.49160844658727
467	1.04140997653981	2.49601053770414
468	1.04114588224249	2.50036932224878
469	1.04094726016812	2.50468751740658
470	1.04082641394968	2.50896784036291
471	1.04075824615406	2.51325875733970
472	1.04070664379985	2.51758529954747
473	1.04066738719761	2.52191503165455
474	1.04063625665790	2.52621551832927
475	1.04060903249128	2.53045432423995
476	1.04058149500830	2.53459901405492
477	1.04054942451953	2.53861715244248
478	1.04050860133552	2.54247630407098
479	1.04045480576683	2.54614403360872
480	1.04038381812402	2.54958790572404
481	1.04023406727500	2.55283534746489
482	1.03995979460971	2.55594539135607
483	1.03958049922174	2.55893301028114
484	1.03911568020468	2.56181317712368
485	1.03858483665213	2.56460086476728
486	1.03800746765767	2.56731104609550
487	1.03740307231491	2.56995869399193
488	1.03679114971743	2.57255878134013
489	1.03619119895883	2.57512628102368
490	1.03562271913270	2.57767616592616
491	1.03507862717100	2.58026741970543
492	1.03453368975618	2.58291928162572
493	1.03398018060751	2.58558710798021
494	1.03341037344428	2.58822625506206
495	1.03281654198577	2.59079207916443
496	1.03219095995125	2.59323993658048
497	1.03152590106003	2.59552518360339
498	1.03081363903137	2.59760317652630
499	1.03004644758456	2.59942927164240
500	1.02921660043888	2.60095882524483
501	1.02829073490066	2.60229278341226
502	1.02724772706319	2.60355851998783
503	1.02609820882623	2.60475103291145
504	1.02485281208954	2.60586532012301
505	1.02352216875288	2.60689637956243
506	1.02211691071602	2.60783920916959
507	1.02064766987871	2.60868880688440
508	1.01912507814071	2.60944017064677
509	1.01755976740179	2.61008829839660
510	1.01596236956170	2.61062818807379
511	1.01432393711446	2.61111071727311
512	1.01262156313165	2.61158363227433
513	1.01084494037934	2.61203723404477
514	1.00898376162361	2.61246182355178
515	1.00702771963055	2.61284770176270
516	1.00496650716624	2.61318516964487
517	1.00278981699674	2.61346452816562
518	1.00048734188816	2.61367607829232
519	0.998048774606550	2.61381012099228
520	0.995463807918008	2.61385695723286
521	0.992666977563048	2.61369034076865
522	0.989609472324600	2.61321889070527
523	0.986305964532360	2.61248520603658
524	0.982771126516025	2.61153188575646
525	0.979019630605293	2.61040152885878
526	0.975066149129859	2.60913673433740
527	0.970925354419422	2.60778010118619
528	0.966611918803678	2.60637422839904
529	0.962140514612323	2.60496171496979
530	0.957525814175055	2.60358515989234
531	0.952702694075948	2.60212880426355
532	0.947595658584839	2.60047156416527
533	0.942203821560070	2.59864805106881
534	0.936526296859980	2.59669287644549
535	0.930562198342911	2.59464065176661
536	0.924310639867203	2.59252598850349
537	0.917770735291198	2.59038349812743
538	0.910941598473236	2.58824779210976
539	0.903822343271658	2.58615348192177
540	0.896412083544805	2.58413517903478
541	0.888587151501257	2.58198240984369
542	0.880240007433829	2.57954232506221
543	0.871393957327213	2.57693597263994
544	0.862072307166105	2.57428440052645
545	0.852298362935196	2.57170865667132
546	0.842095430619182	2.56932978902413
547	0.831486816202755	2.56726884553445
548	0.820495825670608	2.56564687415187
549	0.809145765007436	2.56458492282597
550	0.797459940197932	2.56420403950631
551	0.785201066515796	2.56423003839651
552	0.772170573142140	2.56430734694495
553	0.758449836922779	2.56443493296835
554	0.744120234703526	2.56461176428347
555	0.729263143330195	2.56483680870705
556	0.713959939648600	2.56510903405583
557	0.698292000504554	2.56542740814655
558	0.682340702743871	2.56579089879596
559	0.666187423212366	2.56619847382079
560	0.649913538755851	2.56664910103780
561	0.633133571156527	2.56809122066594
562	0.615532748740229	2.57131977830714
563	0.597298508168220	2.57610349985258
564	0.578618286101762	2.58221111119346
565	0.559679519202118	2.58941133822095
566	0.540669644130551	2.59747290682626
567	0.521776097548324	2.60616454290056
568	0.503186316116699	2.61525497233504
569	0.485087736496941	2.62451292102089
570	0.467667795350311	2.63370711484930
571	0.450531191568806	2.64359188034379
572	0.433257276457223	2.65494245087857
573	0.415995465296028	2.66755891262080
574	0.398895173365686	2.68124135173768
575	0.382105815946662	2.69578985439639
576	0.365776808319422	2.71100450676411
577	0.350057565764432	2.72668539500803
578	0.335097503562156	2.74263260529532
579	0.321046036993059	2.75864622379319
580	0.308052581337608	2.77452633666880
581	0.295779889409142	2.79070580566489
582	0.283828330925094	2.80765226798541
583	0.272253746522071	2.82521797298929
584	0.261111976836676	2.84325517003550
585	0.250458862505517	2.86161610848300
586	0.240350244165197	2.88015303769074
587	0.230841962452323	2.89871820701768
588	0.221989858003499	2.91716386582277
589	0.213849771455332	2.93534226346498
590	0.206477543444427	2.95310564930326
591	0.199641532497159	2.97062192162788
592	0.193087453044518	2.98813818259672
593	0.186837179580033	3.00562548737021
594	0.180912586597231	3.02305489110875
595	0.175335548589641	3.04039744897275
596	0.170127940050791	3.05762421612262
597	0.165311635474209	3.07470624771876
598	0.160908509353423	3.09161459892159
599	0.156940436181961	3.10832032489152
600	0.153429290453352	3.12479448078894
601	0.150264436217902	3.14107069483416
602	0.147311808215648	3.15720099005996
603	0.144558136974711	3.17318401384552
604	0.141990153023213	3.18901841356999
605	0.139594586889276	3.20470283661253
606	0.137358169101021	3.22023593035231
607	0.135267630186571	3.23561634216850
608	0.133309700674048	3.25084271944025
609	0.131471111091573	3.26591370954672
610	0.129738591967268	3.28082795986709
611	0.128087882433954	3.29561284641114
612	0.126505602579882	3.31028818259924
613	0.124994804366315	3.32484127192638
614	0.123558539754518	3.33925941788756
615	0.122199860705755	3.35352992397777
616	0.120921819181289	3.36764009369202
617	0.119727467142385	3.38157723052530
618	0.118619856550307	3.39532863797261
619	0.117602039366319	3.40888161952896
620	0.116677067551686	3.42222347868932
621	0.115817333893111	3.43532265560093
622	0.114994922556851	3.44817964868609
623	0.114212422573499	3.46082984885250
624	0.113472422973646	3.47330864700781
625	0.112777512787885	3.48565143405971
626	0.112130281046808	3.49789360091587
627	0.111533316781008	3.51007053848398
628	0.110989209021076	3.52221763767169
629	0.110500546797605	3.53437028938669
630	0.110069919141187	3.54656388453666
631	0.109691051117502	3.55880515609785
632	0.109351246803403	3.57106144764196
633	0.109043463746248	3.58330906596985
634	0.108760659493393	3.59552431788237
635	0.108495791592195	3.60768351018035
636	0.108241817590009	3.61976294966465
637	0.107991695034192	3.63173894313612
638	0.107738381472101	3.64358779739560
639	0.107474834451092	3.65528581924393
640	0.107194011518522	3.66680931548198
641	0.106894114126432	3.67815786927511
642	0.106581440785894	3.68935832332785
643	0.106261094632815	3.70042787374982
644	0.105938178803099	3.71138371665060
645	0.105617796432650	3.72224304813982
646	0.105305050657373	3.73302306432705
647	0.105005044613173	3.74374096132192
648	0.104722881435954	3.75441393523402
649	0.104463664261622	3.76505918217295
650	0.104232496226080	3.77569389824831
651	0.104012122340780	3.78629128005480
652	0.103786127933502	3.79681911558688
653	0.103560876614646	3.80728648805381
654	0.103342731994609	3.81770248066483
655	0.103138057683791	3.82807617662921
656	0.102953217292589	3.83841665915619
657	0.102794574431403	3.84873301145504
658	0.102668492710630	3.85903431673500
659	0.102581335740671	3.86932965820533
660	0.102539467131922	3.87962811907529
661	0.102524602539912	3.88992156765359
662	0.102513580118075	3.90019613595858
663	0.102505447223668	3.91045230276401
664	0.102499251213950	3.92069054684358
665	0.102494039446176	3.93091134697104
666	0.102488859277607	3.94111518192011
667	0.102482758065497	3.95130253046451
668	0.102474783167107	3.96147387137798
669	0.102463981939692	3.97162968343425
670	0.102449401740512	3.98177044540704
671	0.102401269095186	3.99192506258642
672	0.102299641274304	4.00210915338025
673	0.102158311752570	4.01230326623898
674	0.101991074004689	4.02248794961302
675	0.101811721505367	4.03264375195282
676	0.101634047729310	4.04275122170881
677	0.101471846151222	4.05279090733141
678	0.101338910245810	4.06274335727107
679	0.101249033487779	4.07258911997821
680	0.101216009351834	4.08230874390327
681	0.101226871764126	4.09187575221672
682	0.101256355454634	4.10129699321896
683	0.101299805103804	4.11060300305531
684	0.101352565392081	4.11982431787112
685	0.101409980999913	4.12899147381170
686	0.101467396607744	4.13813500702240
687	0.101520156896021	4.14728545364854
688	0.101563606545191	4.15647334983545
689	0.101593090235699	4.16572923172846
690	0.101603952647991	4.17508363547291
691	0.101593675392244	4.18452784284515
692	0.101565779983787	4.19402552406816
693	0.101524670960798	4.20356579795720
694	0.101474752861455	4.21313778332754
695	0.101420430223934	4.22273059899444
696	0.101366107586413	4.23233336377317
697	0.101316189487070	4.24193519647899
698	0.101275080464081	4.25152521592716
699	0.101247185055624	4.26109254093295
700	0.101236907799877	4.27062629031163
701	0.101245888099565	4.28016174813839
702	0.101270263198717	4.28972981638902
703	0.101306184397467	4.29931304072969
704	0.101349802995950	4.30889396682657
705	0.101397270294299	4.31845514034582
706	0.101444737592648	4.32797910695361
707	0.101488356191131	4.33744841231610
708	0.101524277389882	4.34684560209946
709	0.101548652489034	4.35615322196985
710	0.101557632788721	4.36535381759344
711	0.101548781086484	4.37443863105901
712	0.101524269230240	4.38342189389889
713	0.101487162095695	4.39232063594459
714	0.101440524558551	4.40115188702762
715	0.101387421494513	4.40993267697948
716	0.101330917779284	4.41868003563170
717	0.101274078288568	4.42741099281577
718	0.101219967898070	4.43614257836321
719	0.101171651483492	4.44489182210553
720	0.101132193920539	4.45367575387423
721	0.101096718235398	4.46246238818955
722	0.101059209774883	4.47121630116831
723	0.101021026895634	4.47994936503693
724	0.100983527954293	4.48867345202183
725	0.100948071307501	4.49740043434941
726	0.100916015311899	4.50614218424608
727	0.100888718324130	4.51491057393826
728	0.100867538700834	4.52371747565236
729	0.100853834798653	4.53257476161479
730	0.100848964974228	4.54149430405196
731	0.100849951030344	4.55050895714047
732	0.100852785725616	4.55962496946932
733	0.100857283850427	4.56881430488348
734	0.100863260195161	4.57804892722795
735	0.100870529550202	4.58730080034772
736	0.100878906705933	4.59654188808777
737	0.100888206452739	4.60574415429309
738	0.100898243581003	4.61487956280867
739	0.100908832881109	4.62392007747950
740	0.100919789143440	4.63283766215057
741	0.100932570805107	4.64162189045058
742	0.100948639902023	4.65029682461878
743	0.100967816622776	4.65888616141596
744	0.100989921155953	4.66741359760291
745	0.101014773690142	4.67590282994043
746	0.101042194413931	4.68437755518930
747	0.101072003515907	4.69286147011032
748	0.101104021184658	4.70137827146427
749	0.101138067608771	4.70995165601195
750	0.101173962976835	4.71860532051415
751	0.101222325914472	4.72735405277113
752	0.101290054627328	4.73618165797476
753	0.101371388674024	4.74506535897322
754	0.101460567613185	4.75398237861471
755	0.101551831003433	4.76290993974743
756	0.101639418403391	4.77182526521956
757	0.101717569371682	4.78070557787930
758	0.101780523466927	4.78952810057484
759	0.101822520247752	4.79827005615438
760	0.101837799272777	4.80690866746610
761	0.101833158424328	4.81539254079537
762	0.101820561835681	4.82371736142913
763	0.101801998441885	4.83193097071795
764	0.101779457177990	4.84008121001238
765	0.101754926979046	4.84821592066299
766	0.101730396780102	4.85638294402035
767	0.101707855516207	4.86463012143501
768	0.101689292122411	4.87300529425755
769	0.101676695533764	4.88155630383852
770	0.101672054685316	4.89033099152848
771	0.101741901010885	4.89946951573332
772	0.101931483894574	4.90900371413089
773	0.102210869196853	4.91881894697970
774	0.102550122778191	4.92880057453825
775	0.102919310499059	4.93883395706507
776	0.103288498219928	4.94880445481867
777	0.103627751801266	4.95859742805757
778	0.103907137103545	4.96809823704027
779	0.104096719987234	4.97719224202529
780	0.104166566312803	4.98576480327115
781	0.104093193549014	4.99381369145434
782	0.103894038904442	5.00146980737576
783	0.103600547849283	5.00881820648049
784	0.103244165853733	5.01594394421363
785	0.102856338387988	5.02293207602028
786	0.102468510922242	5.02986765734551
787	0.102112128926692	5.03683574363443
788	0.101818637871534	5.04392139033214
789	0.101619483226962	5.05120965288371
790	0.101546110463172	5.05878558673425
791	0.101636756797517	5.06662106861735
792	0.101884159146833	5.07461484830356
793	0.102251512530544	5.08274229079343
794	0.102702011968071	5.09097876108749
795	0.103198852478837	5.09929962418627
796	0.103705229082265	5.10768024509031
797	0.104184336797776	5.11609598880016
798	0.104599370644795	5.12452222031634
799	0.104913525642742	5.13293430463940
800	0.105089996811041	5.14130760676987
801	0.105182665147743	5.14965270337445
802	0.105269355317070	5.15800111302715
803	0.105349177837701	5.16635961358952
804	0.105421243228314	5.17473498292307
805	0.105484662007587	5.18313399888935
806	0.105538544694199	5.19156343934987
807	0.105582001806827	5.20003008216618
808	0.105614143864150	5.20854070519980
809	0.105634081384847	5.21710208631226
810	0.105640924887595	5.22572100336510
811	0.105616586583054	5.23443128544004
812	0.105550525470729	5.24324516741939
813	0.105453172252566	5.25213703586551
814	0.105334957630511	5.26108127734076
815	0.105206312306509	5.27005227840751
816	0.105077666982508	5.27902442562813
817	0.104959452360453	5.28797210556499
818	0.104862099142290	5.29686970478044
819	0.104796038029965	5.30569160983686
820	0.104771699725424	5.31441220729662
821	0.104863924008794	5.32309404275405
822	0.105114247063655	5.33179884836462
823	0.105483144197134	5.34049979053242
824	0.105931090716360	5.34917003566151
825	0.106418561928458	5.35778275015597
826	0.106906033140556	5.36631110041987
827	0.107353979659781	5.37472825285728
828	0.107722876793261	5.38300737387229
829	0.107973199848122	5.39112162986896
830	0.108065424131492	5.39904418725136
831	0.108016811957971	5.40669907236641
832	0.107884864629842	5.41407597041791
833	0.107690415935758	5.42124653609527
834	0.107454299664370	5.42828242408791
835	0.107197349604330	5.43525528908525
836	0.106940399544290	5.44223678577672
837	0.106704283272903	5.44929856885173
838	0.106509834578818	5.45651229299970
839	0.106377887250690	5.46394961291005
840	0.106329275077169	5.47168218327220
841	0.106336344742103	5.47973821556556
842	0.106356517174125	5.48806457600385
843	0.106388237529065	5.49661090137795
844	0.106429950962751	5.50532682847873
845	0.106480102631013	5.51416199409710
846	0.106537137689681	5.52306603502391
847	0.106599501294582	5.53198858805007
848	0.106665638601547	5.54087928996644
849	0.106733994766405	5.54968777756392
850	0.106803014944986	5.55836368763338
851	0.106882229081967	5.56699338972054
852	0.106980123697777	5.57567715308928
853	0.107093578811873	5.58438546410777
854	0.107219474443710	5.59308880914412
855	0.107354690612741	5.60175767456651
856	0.107496107338424	5.61036254674306
857	0.107640604640213	5.61887391204192
858	0.107785062537563	5.62726225683124
859	0.107926361049929	5.63549806747916
860	0.108061380196767	5.64355183035383
861	0.108205512042759	5.65138179595594
862	0.108370561682771	5.65899851038797
863	0.108548028681533	5.66645090342077
864	0.108729412603777	5.67378790482514
865	0.108906213014234	5.68105844437193
866	0.109069929477635	5.68831145183196
867	0.109212061558711	5.69559585697605
868	0.109324108822194	5.70296058957505
869	0.109397570832814	5.71045457939977
870	0.109423947155302	5.71812675622105
871	0.109418432492139	5.72600543464215
872	0.109403464120695	5.73405687899697
873	0.109381405468040	5.74223694365229
874	0.109354619961245	5.75050148297488
875	0.109325471027381	5.75880635133151
876	0.109296322093516	5.76710740308895
877	0.109269536586721	5.77536049261398
878	0.109247477934066	5.78352147427337
879	0.109232509562622	5.79154620243389
880	0.109226994899459	5.79939053146232
881	0.109260429807988	5.80701803333151
882	0.109352594828177	5.81445581436593
883	0.109491280401930	5.82175503045977
884	0.109664276971149	5.82896683750722
885	0.109859374977737	5.83614239140247
886	0.110064364863597	5.84333284803969
887	0.110267037070631	5.85058936331309
888	0.110455182040743	5.85796309311684
889	0.110616590215835	5.86550519334514
890	0.110739052037811	5.87326681989217
891	0.110839756780024	5.88126600449044
892	0.110942110024332	5.88946295148939
893	0.111043226675393	5.89782207570855
894	0.111140221637866	5.90630779196748
895	0.111230209816409	5.91488451508572
896	0.111310306115680	5.92351665988282
897	0.111377625440337	5.93216864117832
898	0.111429282695039	5.94080487379177
899	0.111462392784444	5.94938977254272
900	0.111474070613211	5.95788775225072
901	0.111448630097878	5.96638285436013
902	0.111379577270545	5.97495867567088
903	0.111277815209212	5.98357896403587
904	0.111154246991879	5.99220746730799
905	0.111019775696546	6.00080793334014
906	0.110885304401214	6.00934410998520
907	0.110761736183881	6.01777974509606
908	0.110659974122548	6.02607858652562
909	0.110590921295215	6.03420438212678
910	0.110565480779882	6.04212087975241
911	0.110653303119789	6.04978836837898
912	0.110894579286102	6.05722620137648
913	0.111256022998705	6.06448672318811
914	0.111704347977487	6.07162227825709
915	0.112206267942333	6.07868521102661
916	0.112728496613129	6.08572786593991
917	0.113237747709762	6.09280258744017
918	0.113700734952117	6.09996171997062
919	0.114084172060083	6.10725760797446
920	0.114354772753544	6.11474259589490
921	0.114551487151147	6.12241765055876
922	0.114735427579618	6.13023046439395
923	0.114906551070959	6.13815347024529
924	0.115064814657172	6.14615910095762
925	0.115210175370260	6.15421978937578
926	0.115342590242225	6.16230796834461
927	0.115462016305070	6.17039607070892
928	0.115568410590797	6.17845652931357
929	0.115661730131409	6.18646177700338
930	0.115741931958908	6.19438424662319
931	0.115812425610775	6.20222859507210
932	0.115876997521894	6.21002609161895
933	0.115936170070377	6.21778908766321
934	0.115990465634333	6.22552993460433
935	0.116040406591875	6.23326098384177
936	0.116086515321113	6.24099458677499
937	0.116129314200157	6.24874309480345
938	0.116169325607119	6.25651885932661
939	0.116207071920109	6.26433423174393
940	0.116243075517238	6.27220156345487
941	0.116275757051855	6.28011668814383
942	0.116303997607791	6.28806463754224
943	0.116329010208879	6.29604156012011
944	0.116352007878952	6.30404360434744
945	0.116374203641843	6.31206691869424
946	0.116396810521385	6.32010765163050
947	0.116421041541411	6.32816195162624
948	0.116448109725754	6.33622596715146
949	0.116479228098248	6.34429584667616
950	0.116515609682725	6.35236773867034
951	0.116562977738720	6.36048747092237
952	0.116624125548721	6.36868453126322
953	0.116695871170994	6.37693055822678
954	0.116775032663802	6.38519719034697
955	0.116858428085412	6.39345606615767
956	0.116942875494088	6.40167882419280
957	0.117025192948093	6.40983710298625
958	0.117102198505695	6.41790254107194
959	0.117170710225156	6.42584677698376
960	0.117227546164742	6.43364144925561
961	0.117272791357278	6.44124583883647
962	0.117310227259027	6.44866854437095
963	0.117342216563413	6.45595518093636
964	0.117371121963861	6.46315136361005
965	0.117399306153795	6.47030270746934
966	0.117429131826639	6.47745482759157
967	0.117462961675817	6.48465333905407
968	0.117503158394752	6.49194385693418
969	0.117552084676870	6.49937199630921
970	0.117612103215593	6.50698337225652
971	0.117724128750603	6.51480401822704
972	0.117914992643073	6.52280297867057
973	0.118165932518671	6.53094038516269
974	0.118458186003063	6.53917636927898
975	0.118772990721916	6.54747106259503
976	0.119091584300896	6.55578459668642
977	0.119395204365670	6.56407710312873
978	0.119665088541904	6.57230871349755
979	0.119882474455266	6.58043955936845
980	0.120028599731422	6.58842977231703
981	0.120122099126851	6.59628105330437
982	0.120197210182597	6.60403629315449
983	0.120258574701171	6.61171740823741
984	0.120310834485084	6.61934631492315
985	0.120358631336848	6.62694492958172
986	0.120406607058972	6.63453516858314
987	0.120459403453970	6.64213894829741
988	0.120521662324351	6.64977818509456
989	0.120598025472628	6.65747479534460
990	0.120693134701311	6.66525069541754
991	0.120849297462798	6.67312559922409
992	0.121090384106916	6.68108796438137
993	0.121393380782316	6.68911282281903
994	0.121735273637648	6.69717520646671
995	0.122093048821564	6.70525014725405
996	0.122443692482715	6.71331267711071
997	0.122764190769752	6.72133782796632
998	0.123031529831326	6.72930063175055
999	0.123222695816089	6.73717612039302
1000	0.123314674872692	6.74493932582340
1001	0.123344893500722	6.75258606691959
1002	0.123367402116219	6.76014070086473
1003	0.123384122742508	6.76762106704630
1004	0.123396977402916	6.77504500485177
1005	0.123407888120770	6.78243035366859
1006	0.123418776919396	6.78979495288425
1007	0.123431565822121	6.79715664188621
1008	0.123448176852271	6.80453326006195
1009	0.123470532033174	6.81194264679892
1010	0.123500553388154	6.81940264148460
1011	0.123585048058405	6.82687077524754
1012	0.123756417704054	6.83430497839103
1013	0.123994976126832	6.84172368906474
1014	0.124281037128470	6.84914534541828
1015	0.124594914510698	6.85658838560129
1016	0.124916922075246	6.86407124776342
1017	0.125227373623846	6.87161237005430
1018	0.125506582958229	6.87923019062357
1019	0.125734863880124	6.88694314762086
1020	0.125892530191262	6.89476967919582
1021	0.126007714500022	6.90278908115344
1022	0.126120194342370	6.91102782541010
1023	0.126227750911417	6.91942511428247
1024	0.126328165400274	6.92792015008722
1025	0.126419219002052	6.93645213514104
1026	0.126498692909864	6.94496027176059
1027	0.126564368316820	6.95338376226256
1028	0.126614026416031	6.96166180896361
1029	0.126645448400610	6.96973361418042
1030	0.126656415463667	6.97753838022967
1031	0.126622812335105	6.98505003415847
1032	0.126531603843293	6.99232105171603
1033	0.126397191329044	6.99940845827224
1034	0.126233976133170	7.00636927919693
1035	0.126056359596483	7.01326053985997
1036	0.125878743059797	7.02013926563122
1037	0.125715527863923	7.02706248188053
1038	0.125581115349674	7.03408721397776
1039	0.125489906857862	7.04127048729277
1040	0.125456303729300	7.04866932719541
1041	0.125524166738668	7.05625700712728
1042	0.125708366335526	7.06396179925904
1043	0.125979818373001	7.07177322705416
1044	0.126309438704221	7.07968081397611
1045	0.126668143182313	7.08767408348836
1046	0.127026847660405	7.09574255905439
1047	0.127356467991624	7.10387576413767
1048	0.127627920029099	7.11206322220166
1049	0.127812119625957	7.12029445670984
1050	0.127879982635326	7.12855899112568
1051	0.127744600281690	7.13694044883201
1052	0.127377133893251	7.14549711412870
1053	0.126835604478708	7.15418050185484
1054	0.126178033046764	7.16294212684950
1055	0.125462440606119	7.17173350395177
1056	0.124746848165474	7.18050614800071
1057	0.124089276733529	7.18921157383542
1058	0.123547747318987	7.19780129629495
1059	0.123180280930547	7.20622683021840
1060	0.123044898576912	7.21443969044484
1061	0.123059435003618	7.22244194428586
1062	0.123101088822499	7.23028744461113
1063	0.123166926841697	7.23800538459684
1064	0.123254015869355	7.24562495741918
1065	0.123359422713613	7.25317535625435
1066	0.123480214182615	7.26068577427852
1067	0.123613457084504	7.26818540466791
1068	0.123756218227420	7.27570344059869
1069	0.123905564419508	7.28326907524705
1070	0.124058562468908	7.29091150178919
1071	0.124272498131044	7.29860352531156
1072	0.124587246414844	7.30629978511483
1073	0.124973758008705	7.31400222569655
1074	0.125402983601025	7.32171279155425
1075	0.125845873880204	7.32943342718545
1076	0.126273379534638	7.33716607708770
1077	0.126656451252728	7.34491268575852
1078	0.126966039722870	7.35267519769546
1079	0.127173095633463	7.36045555739604
1080	0.127248569672905	7.36825570935780
1081	0.127216656245540	7.37608206036282
1082	0.127130034085549	7.38393622074810
1083	0.127002380376088	7.39181294034354
1084	0.126847372300314	7.39970696897904
1085	0.126678687041383	7.40761305648449
1086	0.126510001782453	7.41552595268979
1087	0.126354993706679	7.42344040742485
1088	0.126227339997218	7.43135117051955
1089	0.126140717837226	7.43925299180381
1090	0.126108804409861	7.44714062110752
1091	0.126126973459808	7.45501414878883
1092	0.126177584489187	7.46287907072821
1093	0.126254793317308	7.47073824503902
1094	0.126352755763478	7.47859452983466
1095	0.126465627647008	7.48645078322848
1096	0.126587564787206	7.49430986333386
1097	0.126712723003381	7.50217462826417
1098	0.126835258114840	7.51004793613278
1099	0.126949325940895	7.51793264505307
1100	0.127049082300852	7.52583161313841
1101	0.127147014033108	7.53378883355844
1102	0.127256129298257	7.54182579934183
1103	0.127371365898909	7.54991161839049
1104	0.127487661637673	7.55801539860634
1105	0.127599954317161	7.56610624789129
1106	0.127703181739980	7.57415327414725
1107	0.127792281708742	7.58212558527613
1108	0.127862192026054	7.58999228917985
1109	0.127907850494528	7.59772249376033
1110	0.127924194916773	7.60528530691947
1111	0.127894779371047	7.61267971003823
1112	0.127814937175507	7.61993957037906
1113	0.127697274992605	7.62708632466611
1114	0.127554399484795	7.63414140962353
1115	0.127398917314531	7.64112626197545
1116	0.127243435144268	7.64806231844604
1117	0.127100559636458	7.65497101575942
1118	0.126982897453556	7.66187379063975
1119	0.126903055258015	7.66879207981117
1120	0.126873639712290	7.67574731999783
1121	0.126939707076394	7.68265943788641
1122	0.127119032778963	7.68946177098925
1123	0.127383302235381	7.69619587226894
1124	0.127704200861030	7.70290329468809
1125	0.128053414071296	7.70962559120930
1126	0.128402627281562	7.71640431479517
1127	0.128723525907212	7.72328101840830
1128	0.128987795363629	7.73029725501131
1129	0.129167121066198	7.73749457756678
1130	0.129233188430303	7.74491453903733
1131	0.129168713102466	7.75263093987084
1132	0.128993708641195	7.76064727048040
1133	0.128735807329848	7.76889961877640
1134	0.128422641451783	7.77732407266925
1135	0.128081843290361	7.78585672006935
1136	0.127741045128938	7.79443364888711
1137	0.127427879250873	7.80299094703292
1138	0.127169977939526	7.81146470241719
1139	0.126994973478255	7.81979100295032
1140	0.126930498150419	7.82790593654272
1141	0.126948622546251	7.83582612928180
1142	0.127000297073476	7.84362809683124
1143	0.127081473741687	7.85133776146583
1144	0.127188104560475	7.85898104546033
1145	0.127316141539435	7.86658387108953
1146	0.127461536688158	7.87417216062821
1147	0.127620242016237	7.88177183635114
1148	0.127788209533264	7.88940882053311
1149	0.127961391248833	7.89710903544890
1150	0.128135739172535	7.90489840337327
1151	0.128363165917722	7.91278428660076
1152	0.128680418720177	7.92074413464145
1153	0.129060701523142	7.92875900059349
1154	0.129477218269859	7.93680993755503
1155	0.129903172903572	7.94487799862421
1156	0.130311769367520	7.95294423689917
1157	0.130676211604948	7.96098970547806
1158	0.130969703559097	7.96899545745903
1159	0.131165449173208	7.97694254594022
1160	0.131236652390525	7.98481202401977
1161	0.131216999567299	7.99258868197198
1162	0.131163656189972	8.00028402246831
1163	0.131085044897068	8.00791916720261
1164	0.130989588327114	8.01551523786874
1165	0.130885709118635	8.02309335616059
1166	0.130781829910156	8.03067464377201
1167	0.130686373340201	8.03828022239688
1168	0.130607762047298	8.04593121372905
1169	0.130554418669971	8.05364873946240
1170	0.130534765846745	8.06145392129079
1171	0.130588761081197	8.06940413030373
1172	0.130737519797312	8.07750977323848
1173	0.130961201514225	8.08572152526048
1174	0.131239965751074	8.09399006153522
1175	0.131553972026995	8.10226605722814
1176	0.131883379861124	8.11050018750473
1177	0.132208348772599	8.11864312753045
1178	0.132509038280556	8.12664555247076
1179	0.132765607904131	8.13445813749112
1180	0.132958217162461	8.14203155775701
1181	0.133114574802479	8.14938277985813
1182	0.133272747176349	8.15657632338104
1183	0.133428430211055	8.16363419298647
1184	0.133577319833584	8.17057839333516
1185	0.133715111970918	8.17743092908786
1186	0.133837502550044	8.18421380490529
1187	0.133940187497947	8.19094902544821
1188	0.134018862741610	8.19765859537733
1189	0.134069224208019	8.20436451935341
1190	0.134086967824159	8.21108880203718
1191	0.134038243746377	8.21769843182050
1192	0.133905361930276	8.22409703567647
1193	0.133708258001719	8.23036157613767
1194	0.133466867586570	8.23656901573668
1195	0.133201126310694	8.24279631700608
1196	0.132930969799955	8.24912044247844
1197	0.132676333680216	8.25561835468636
1198	0.132457153577342	8.26236701616240
1199	0.132293365117197	8.26944338943915
1200	0.132204903925645	8.27692443704919
1201	0.132162137790029	8.28502721432864
1202	0.132122378767424	8.29381312361752
1203	0.132085978888293	8.30312564795423
1204	0.132053290183100	8.31280827037714
1205	0.132024664682307	8.32270447392465
1206	0.132000454416378	8.33265774163517
1207	0.131981011415775	8.34251155654707
1208	0.131966687710962	8.35210940169875
1209	0.131957835332401	8.36129476012860
1210	0.131954806310555	8.36991111487502
1211	0.132027101639638	8.37807060067695
1212	0.132223331818576	8.38600677398352
1213	0.132512513134906	8.39374525039843
1214	0.132863661876163	8.40131164552534
1215	0.133245794329885	8.40873157496796
1216	0.133627926783606	8.41603065432997
1217	0.133979075524864	8.42323449921506
1218	0.134268256841193	8.43036872522690
1219	0.134464487020131	8.43745894796919
1220	0.134536782349214	8.44453078304561
1221	0.134467405383507	8.45147165602048
1222	0.134279096476590	8.45819418985581
1223	0.134001588613764	8.46476179625184
1224	0.133664614780333	8.47123788690882
1225	0.133297907961599	8.47768587352699
1226	0.132931201142865	8.48416916780659
1227	0.132594227309434	8.49075118144785
1228	0.132316719446608	8.49749532615103
1229	0.132128410539691	8.50446501361635
1230	0.132059033573985	8.51172365554407
1231	0.132114588411471	8.51939220541727
1232	0.132271323684696	8.52747944449434
1233	0.132514345534807	8.53588052613849
1234	0.132828760102953	8.54449060371293
1235	0.133199673530281	8.55320483058086
1236	0.133612191957940	8.56191836010549
1237	0.134051421527078	8.57052634565001
1238	0.134502468378841	8.57892394057765
1239	0.134950438654380	8.58700629825159
1240	0.135380438494841	8.59466857203505
1241	0.135829310431623	8.60190126757279
1242	0.136335489259168	8.60881529774388
1243	0.136886469513191	8.61548642676300
1244	0.137469745729405	8.62199041884482
1245	0.138072812443523	8.62840303820402
1246	0.138683164191260	8.63480004905526
1247	0.139288295508329	8.64125721561323
1248	0.139875700930445	8.64785030209259
1249	0.140432874993320	8.65465507270803
1250	0.140947312232668	8.66174729167422
1251	0.141465353891854	8.66916972884487
1252	0.142026367808527	8.67687199689954
1253	0.142607388409828	8.68479012429166
1254	0.143185450122898	8.69286013947467
1255	0.143737587374878	8.70101807090199
1256	0.144240834592909	8.70919994702706
1257	0.144672226204132	8.71734179630331
1258	0.145008796635688	8.72537964718417
1259	0.145227580314718	8.73324952812307
1260	0.145305611668363	8.74088746757344
1261	0.145231393922070	8.74830776247965
1262	0.145029945753562	8.75558652044066
1263	0.144733074768391	8.76275248589176
1264	0.144372588572112	8.76983440326827
1265	0.143980294770279	8.77686101700547
1266	0.143588000968447	8.78386107153867
1267	0.143227514772168	8.79086331130318
1268	0.142930643786997	8.79789648073428
1269	0.142729195618489	8.80498932426729
1270	0.142654977872196	8.81217058633750
1271	0.142743279434186	8.81940973220290
1272	0.142982955102443	8.82666013331046
1273	0.143336161350402	8.83392639337889
1274	0.143765054651494	8.84121311612692
1275	0.144231791479154	8.84852490527330
1276	0.144698528306813	8.85586636453675
1277	0.145127421607906	8.86324209763600
1278	0.145480627855864	8.87065670828978
1279	0.145720303524122	8.87811480021683
1280	0.145808605086111	8.88562097713588
1281	0.145748820599452	8.89315203880144
1282	0.145586384208752	8.90069075486792
1283	0.145346671517923	8.90825068390386
1284	0.145055058130882	8.91584538447783
1285	0.144736919651543	8.92348841515837
1286	0.144417631683819	8.93119333451403
1287	0.144122569831626	8.93897370111337
1288	0.143877109698878	8.94684307352494
1289	0.143706626889489	8.95481501031729
1290	0.143636497007373	8.96290307005897
1291	0.143625533128400	8.97122545787484
1292	0.143615643756112	8.97983595370926
1293	0.143606847635933	8.98865147836011
1294	0.143599163513288	8.99758895262524
1295	0.143592610133603	9.00656529730250
1296	0.143587206242301	9.01549743318976
1297	0.143582970584809	9.02430228108487
1298	0.143579921906550	9.03289676178569
1299	0.143578078952950	9.04119779609009
1300	0.143577460469433	9.04912230479591
1301	0.143705633541995	9.05664483676279
1302	0.144053531881804	9.06384518559509
1303	0.144566224172050	9.07079813920779
1304	0.145188779095919	9.07757848551590
1305	0.145866265336601	9.08426101243438
1306	0.146543751577283	9.09092050787822
1307	0.147166306501152	9.09763175976241
1308	0.147678998791398	9.10446955600193
1309	0.148026897131207	9.11150868451177
1310	0.148155070203769	9.11882393320691
1311	0.148116414363971	9.12650100819349
1312	0.148011491370233	9.13451351697402
1313	0.147856868011042	9.14276809955803
1314	0.147669111074880	9.15117139595506
1315	0.147464787350234	9.15963004617464
1316	0.147260463625588	9.16805069022631
1317	0.147072706689427	9.17633996811959
1318	0.146918083330235	9.18440451986404
1319	0.146813160336498	9.19215098546917
1320	0.146774504496700	9.19948600494453
1321	0.146967354681594	9.20637603000910
1322	0.147490805183448	9.21290846056795
1323	0.148262205923022	9.21917135890973
1324	0.149198906821077	9.22525278732306
1325	0.150218257798372	9.23124080809660
1326	0.151237608775666	9.23722348351898
1327	0.152174309673721	9.24328887587885
1328	0.152945710413295	9.24952504746484
1329	0.153469160915149	9.25602006056560
1330	0.153662011100043	9.26286197746978
1331	0.153502158499675	9.27008136039456
1332	0.153068272870106	9.27761175847218
1333	0.152428862468635	9.28539571436377
1334	0.151652435552563	9.29337577073049
1335	0.150807500379190	9.30149447023349
1336	0.149962565205818	9.30969435553394
1337	0.149186138289746	9.31791796929297
1338	0.148546727888275	9.32610785417175
1339	0.148112842258705	9.33420655283142
1340	0.147952989658337	9.34215660793314
1341	0.148195631836442	9.35000239849425
1342	0.148854232034155	9.35782822391565
1343	0.149824800746575	9.36563650743381
1344	0.151003348468798	9.37342967228520
1345	0.152285885695924	9.38121014170629
1346	0.153568422923049	9.38898033893357
1347	0.154746970645273	9.39674268720351
1348	0.155717539357692	9.40449960975257
1349	0.156376139555405	9.41225352981724
1350	0.156618781733510	9.42000687063400
1351	0.156525483423440	9.42780730742173
1352	0.156272245153249	9.43567882447439
1353	0.155899051912968	9.44358830864097
1354	0.155445888692626	9.45150264677050
1355	0.154952740482254	9.45938872571198
1356	0.154459592271882	9.46721343231443
1357	0.154006429051541	9.47494365342687
1358	0.153633235811260	9.48254627589831
1359	0.153379997541069	9.48998818657776
1360	0.153286699230998	9.49723627231423
1361	0.153399639062713	9.50430829386603
1362	0.153709302565440	9.51125209297256
1363	0.154171955750555	9.51807967795451
1364	0.154743864629434	9.52480305713256
1365	0.155381295213453	9.53143423882738
1366	0.156040513513986	9.53798523135967
1367	0.156677785542410	9.54446804305010
1368	0.157249377310101	9.55089468221936
1369	0.157711554828433	9.55727715718813
1370	0.158020584108782	9.56362747627709
1371	0.158216431502091	9.56979369597987
1372	0.158374615895054	9.57568010964783
1373	0.158504732102672	9.58138308088821
1374	0.158616374939948	9.58699897330828
1375	0.158719139221885	9.59262415051531
1376	0.158822619763485	9.59835497611654
1377	0.158936411379752	9.60428781371924
1378	0.159070108885686	9.61051902693066
1379	0.159233307096292	9.61714497935807
1380	0.159435600826571	9.62426203460873
1381	0.159771706873163	9.63218898969072
1382	0.160294997411404	9.64103631185970
1383	0.160953050324337	9.65058787009426
1384	0.161693443495005	9.66062753337301
1385	0.162463754806450	9.67093917067454
1386	0.163211562141718	9.68130665097745
1387	0.163884443383850	9.69151384326034
1388	0.164429976415892	9.70134461650180
1389	0.164795739120884	9.71058283968045
1390	0.164929309381872	9.71901238177487
1391	0.164816589473289	9.72672572295001
1392	0.164510635435704	9.73401709823890
1393	0.164059755801369	9.74097300892221
1394	0.163512259102534	9.74767995628064
1395	0.162916453871448	9.75422444159489
1396	0.162320648640363	9.76069296614564
1397	0.161773151941527	9.76717203121358
1398	0.161322272307192	9.77374813807941
1399	0.161016318269608	9.78050778802382
1400	0.160903598361024	9.78753748232749
1401	0.161001877798090	9.79474233993729
1402	0.161275147231444	9.80198153186585
1403	0.161691053344327	9.80927263749250
1404	0.162217242819977	9.81663323619657
1405	0.162821362341632	9.82408090735740
1406	0.163471058592530	9.83163323035433
1407	0.164133978255910	9.83930778456668
1408	0.164777768015010	9.84712214937379
1409	0.165370074553069	9.85509390415499
1410	0.165878544553326	9.86324062828963
1411	0.166359681349188	9.87176686633349
1412	0.166878714295062	9.88077380189912
1413	0.167416379105686	9.89012397295096
1414	0.167953411495793	9.89967991745343
1415	0.168470547180120	9.90930417337098
1416	0.168948521873404	9.91885927866804
1417	0.169368071290380	9.92820777130905
1418	0.169709931145783	9.93721218925844
1419	0.169954837154350	9.94573507048065
1420	0.170083525030817	9.95363895294012
1421	0.170139249604444	9.96102757138972
1422	0.170180548503578	9.96811988041911
1423	0.170211081641580	9.97495124774788
1424	0.170234508931814	9.98155704109560
1425	0.170254490287642	9.98797262818187
1426	0.170274685622428	9.99423337672629
1427	0.170298754849533	10.0003746544484
1428	0.170330357882321	10.0064318290679
1429	0.170373154634155	10.0124402683043
1430	0.170430805018397	10.0184353398771
1431	0.170688588850704	10.0242586670636
1432	0.171273688427542	10.0297885214726
1433	0.172102617383488	10.0351152433213
1434	0.173091889353122	10.0403291728269
1435	0.174158017971022	10.0455206502067
1436	0.175217516871764	10.0507800156778
1437	0.176186899689928	10.0561976094575
1438	0.176982680060091	10.0618637717631
1439	0.177521371616832	10.0678688428116
1440	0.177719487994728	10.0743031628204
1441	0.177704931614716	10.0812460414940
1442	0.177663682491757	10.0886714491675
1443	0.177599370651472	10.0965117170043
1444	0.177515626119480	10.1046991761676
1445	0.177416078921401	10.1131661578206
1446	0.177304359082855	10.1218449931265
1447	0.177184096629460	10.1306680132485
1448	0.177058921586837	10.1395675493500
1449	0.176932463980605	10.1484759325940
1450	0.176808353836383	10.1573254941439
1451	0.176658425986276	10.1663353943344
1452	0.176461891749781	10.1757003579209
1453	0.176233445883614	10.1853160626973
1454	0.175987783144487	10.1950781864580
1455	0.175739598289114	10.2048824069969
1456	0.175503586074208	10.2146244021082
1457	0.175294441256484	10.2241998495861
1458	0.175126858592655	10.2335044272246
1459	0.175015532839434	10.2424338128179
1460	0.174975158753535	10.2508836841602
1461	0.175193373346687	10.2589319305467
1462	0.175795138537069	10.2667417662406
1463	0.176701136441068	10.2743368564870
1464	0.177832049175073	10.2817408665312
1465	0.179108558855471	10.2889774616185
1466	0.180451347598651	10.2960703069943
1467	0.181781097521001	10.3030430679038
1468	0.183018490738908	10.3099194095924
1469	0.184084209368762	10.3167229973052
1470	0.184898935526949	10.3234774962877
1471	0.185575108892112	10.3300411907493
1472	0.186264755655187	10.3363139152995
1473	0.186947937701000	10.3423816607833
1474	0.187604716914379	10.3483304180460
1475	0.188215155180148	10.3542461779328
1476	0.188759314383137	10.3602149312889
1477	0.189217256408170	10.3663226689593
1478	0.189569043140075	10.3726553817893
1479	0.189794736463678	10.3792990606240
1480	0.189874398263807	10.3863396963086
1481	0.189608359042213	10.3939897174923
1482	0.188886252583601	10.4022941087819
1483	0.187822095697226	10.4110876949594
1484	0.186529905192341	10.4202053008067
1485	0.185123697878203	10.4294817511056
1486	0.183717490564064	10.4387518706381
1487	0.182425300059179	10.4478504841859
1488	0.181361143172804	10.4566124165311
1489	0.180639036714192	10.4648724924554
1490	0.180372997492598	10.4724655367408
1491	0.180411810081719	10.4794341321776
1492	0.180520356002298	10.4859908170411
1493	0.180686797484161	10.4922253493413
1494	0.180899296757134	10.4982274870879
1495	0.181146016051041	10.5040869882908
1496	0.181415117595709	10.5098936109598
1497	0.181694763620963	10.5157371131048
1498	0.181973116356628	10.5217072527355
1499	0.182238338032531	10.5278937878618
1500	0.182478590878496	10.5343864764935
1501	0.182696009654686	10.5411845063137
1502	0.182904135799484	10.5481979851619
1503	0.183108241560048	10.5553830512829
1504	0.183313599183536	10.5626958429211
1505	0.183525480917106	10.5700924983213
1506	0.183749159007917	10.5775291557279
1507	0.183989905703126	10.5849619533857
1508	0.184252993249892	10.5923470295392
1509	0.184543693895373	10.5996405224331
1510	0.184867279886726	10.6067985703120
1511	0.185310279414713	10.6138262980019
1512	0.185922221479623	10.6207723676252
1513	0.186652879542906	10.6276582233712
1514	0.187452027066014	10.6345053094291
1515	0.188269437510398	10.6413350699881
1516	0.189054884337509	10.6481689492376
1517	0.189758141008797	10.6550283913667
1518	0.190328980985715	10.6619348405646
1519	0.190717177729713	10.6689097410207
1520	0.190872504702241	10.6759745369241
1521	0.190891602816317	10.6831148625000
1522	0.190905470724539	10.6903010238540
1523	0.190915418497732	10.6975314729955
1524	0.190922756206722	10.7048046619342
1525	0.190928793922334	10.7121190426797
1526	0.190934841715393	10.7194730672416
1527	0.190942209656725	10.7268651876294
1528	0.190952207817155	10.7342938558528
1529	0.190966146267508	10.7417575239214
1530	0.190985335078609	10.7492546438446
1531	0.191226239937972	10.7567340780435
1532	0.191841662663499	10.7641694494670
1533	0.192737417521608	10.7715963509170
1534	0.193819318778711	10.7790503751955
1535	0.194993180701225	10.7865671151042
1536	0.196164817555564	10.7941821634450
1537	0.197240043608142	10.8019311130198
1538	0.198124673125375	10.8098495566305
1539	0.198724520373677	10.8179730870790
1540	0.198945399619463	10.8263372971670
1541	0.198816235870890	10.8352311547125
1542	0.198465648553336	10.8447862653766
1543	0.197948993559045	10.8548021787263
1544	0.197321626780264	10.8650784443285
1545	0.196638904109237	10.8754146117502
1546	0.195956181438210	10.8856102305584
1547	0.195328814659429	10.8954648503200
1548	0.194812159665138	10.9047780206020
1549	0.194461572347584	10.9133492909715
1550	0.194332408599011	10.9209782109952
1551	0.194439746011179	10.9277412324734
1552	0.194731090415636	10.9339309945209
1553	0.195160440064309	10.9396713276766
1554	0.195681793209126	10.9450860624793
1555	0.196249148102015	10.9502990294680
1556	0.196816502994904	10.9554340591814
1557	0.197337856139721	10.9606149821586
1558	0.197767205788394	10.9659656289384
1559	0.198058550192851	10.9716098300597
1560	0.198165887605019	10.9776714160613
1561	0.198009894334751	10.9839737240325
1562	0.197586484029737	10.9902974842683
1563	0.196962510948663	10.9967026171167
1564	0.196204829350217	11.0032490429255
1565	0.195380293493084	11.0099966820427
1566	0.194555757635951	11.0170054548160
1567	0.193798076037505	11.0243352815935
1568	0.193174102956432	11.0320460827230
1569	0.192750692651417	11.0401977785524
1570	0.192594699381149	11.0488502894297
1571	0.193009812134947	11.0589159579252
1572	0.194136546752398	11.0708940111068
1573	0.195796997767589	11.0842246960680
1574	0.197813259714607	11.0983482599024
1575	0.200007427127538	11.1127049497038
1576	0.202201594540469	11.1267350125657
1577	0.204217856487486	11.1398786955817
1578	0.205878307502677	11.1515762458455
1579	0.207005042120128	11.1612679104507
1580	0.207420154873926	11.1683939364910
1581	0.207346604097938	11.1735480110966
1582	0.207146966277400	11.1778335991825
1583	0.206852763173449	11.1814556145194
1584	0.206495516547223	11.1846189708777
1585	0.206106748159859	11.1875285820281
1586	0.205717979772495	11.1903893617411
1587	0.205360733146268	11.1934062237873
1588	0.205066530042317	11.1967840819373
1589	0.204866892221779	11.2007278499616
1590	0.204793341445791	11.2054424416308
1591	0.204877802949821	11.2113149999854
1592	0.205113175068445	11.2184330369206
1593	0.205472439211465	11.2265520194884
1594	0.205928576788685	11.2354274147413
1595	0.206454569209906	11.2448146897313
1596	0.207023397884932	11.2544693115108
1597	0.207608044223564	11.2641467471320
1598	0.208181489635606	11.2736024636471
1599	0.208716715530860	11.2825919281084
1600	0.209186703319129	11.2908706075681
1601	0.209612854973963	11.2985676622300
1602	0.210035103529886	11.3060131633439
1603	0.210454226988157	11.3132639445309
1604	0.210871003350038	11.3203768394123
1605	0.211286210616787	11.3274086816092
1606	0.211700626789665	11.3344163047429
1607	0.212115029869933	11.3414565424345
1608	0.212530197858849	11.3485862283053
1609	0.212946908757675	11.3558621959764
1610	0.213365940567669	11.3633412790690
1611	0.213772776298572	11.3709830605456
1612	0.214158545507073	11.3787077500816
1613	0.214532496014863	11.3865131213684
1614	0.214903875643629	11.3943969480970
1615	0.215281932215061	11.4023570039587
1616	0.215675913550848	11.4103910626445
1617	0.216095067472678	11.4184968978457
1618	0.216548641802241	11.4266722832533
1619	0.217045884361226	11.4349149925587
1620	0.217596042971321	11.4432227994528
1621	0.218323412970868	11.4517994140758
1622	0.219295651421233	11.4607617552905
1623	0.220437048728640	11.4699774098723
1624	0.221671895299311	11.4793139645968
1625	0.222924481539471	11.4886390062394
1626	0.224119097855344	11.4978201215756
1627	0.225180034653151	11.5067248973808
1628	0.226031582339118	11.5152209204306
1629	0.226598031319468	11.5231757775004
1630	0.226803672000423	11.5304570553657
1631	0.226788377181700	11.5371065693767
1632	0.226744095208348	11.5433128799648
1633	0.226673229804592	11.5491636915270
1634	0.226578184694661	11.5547467084605
1635	0.226461363602780	11.5601496351623
1636	0.226325170253175	11.5654601760296
1637	0.226172008370073	11.5707660354595
1638	0.226004281677700	11.5761549178490
1639	0.225824393900283	11.5817145275953
1640	0.225634748762049	11.5875325690955
1641	0.225319566291700	11.5935286992271
1642	0.224798934327119	11.5995685123648
1643	0.224129058306293	11.6056586191517
1644	0.223366143667212	11.6118056302305
1645	0.222566395847865	11.6180161562441
1646	0.221786020286241	11.6242968078355
1647	0.221081222420331	11.6306541956475
1648	0.220508207688122	11.6370949303231
1649	0.220123181527605	11.6436256225051
1650	0.219982349376768	11.6502528828364
1651	0.220444079024383	11.6569852118964
1652	0.221707905026050	11.6638229709266
1653	0.223591782970008	11.6707605615634
1654	0.225913668444492	11.6777923854430
1655	0.228491517037740	11.6849128442017
1656	0.231143284337988	11.6921163394757
1657	0.233686925933473	11.6993972729012
1658	0.235940397412432	11.7067500461146
1659	0.237721654363102	11.7141690607521
1660	0.238848652373719	11.7216487184500
1661	0.239576092285208	11.7291791209101
1662	0.240272834395387	11.7367623577246
1663	0.240928073477833	11.7444108123656
1664	0.241531004306123	11.7521368683050
1665	0.242070821653836	11.7599529090147
1666	0.242536720294549	11.7678713179666
1667	0.242917895001839	11.7759044786327
1668	0.243203540549283	11.7840647744849
1669	0.243382851710459	11.7923645889951
1670	0.243445023258945	11.8008163056354
1671	0.242956702715526	11.8099393757111
1672	0.241631261240530	11.8200141461065
1673	0.239677979066852	11.8306943436615
1674	0.237306136427386	11.8416336952159
1675	0.234725013555026	11.8524859276098
1676	0.232143890682665	11.8629047676828
1677	0.229772048043199	11.8725439422751
1678	0.227818765869521	11.8810571782265
1679	0.226493324394525	11.8880982023768
1680	0.226005003851106	11.8933207415661
1681	0.226957633475303	11.8970924888728
1682	0.229543342455268	11.9001354680412
1683	0.233353860952058	11.9026349019098
1684	0.237980919126731	11.9047760133172
1685	0.243016247140346	11.9067440251018
1686	0.248051575153961	11.9087241601022
1687	0.252678633328635	11.9109016411568
1688	0.256489151825424	11.9134616911043
1689	0.259074860805389	11.9165895327830
1690	0.260027490429586	11.9204703890316
1691	0.260023357785569	11.9256217024416
1692	0.259994429277449	11.9323447723388
1693	0.259915909041122	11.9405006066631
1694	0.259763001212485	11.9499502133546
1695	0.259510909927436	11.9605546003531
1696	0.259134839321870	11.9721747755986
1697	0.258609993531685	11.9846717470309
1698	0.257911576692778	11.9979065225901
1699	0.257014792941045	12.0117401102161
1700	0.255894846412383	12.0260335178487
