300	2.18000000000000	1.50000000000000
301	2.18080996000000	1.48753210222222
302	2.18163968000000	1.47513084952381
303	2.18248892000000	1.46279990285714
304	2.18335744000000	1.45054292317460
305	2.18424500000000	1.43836357142857
306	2.18515136000000	1.42626550857143
307	2.18607628000000	1.41425239555556
308	2.18701952000000	1.40232789333333
309	2.18798084000000	1.39049566285714
310	2.18896000000000	1.37875936507937
311	2.18995676000000	1.36712266095238
312	2.19097088000000	1.35558921142857
313	2.19200212000000	1.34416267746032
314	2.19305024000000	1.33284672000000
315	2.19411500000000	1.32164500000000
316	2.19519616000000	1.31056117841270
317	2.19629348000000	1.29959891619048
318	2.19740672000000	1.28876187428571
319	2.19853564000000	1.27805371365079
320	2.19968000000000	1.26747809523810
321	2.20083956000000	1.25703868000000
322	2.20201408000000	1.24673912888889
323	2.20320332000000	1.23658310285714
324	2.20440704000000	1.22657426285714
325	2.20562500000000	1.21671626984127
326	2.20685696000000	1.20701278476190
327	2.20810268000000	1.19746746857143
328	2.20936192000000	1.18808398222222
329	2.21063444000000	1.17886598666667
330	2.21192000000000	1.16981714285714
331	2.21321836000000	1.16094111174603
332	2.21452928000000	1.15224155428571
333	2.21585252000000	1.14372213142857
334	2.21718784000000	1.13538650412698
335	2.21853500000000	1.12723833333333
336	2.21989376000000	1.11928128000000
337	2.22126388000000	1.11151900507937
338	2.22264512000000	1.10395516952381
339	2.22403724000000	1.09659343428571
340	2.22544000000000	1.08943746031746
341	2.22685316000000	1.08249090857143
342	2.22827648000000	1.07575744000000
343	2.22970972000000	1.06924071555556
344	2.23115264000000	1.06294439619048
345	2.23260500000000	1.05687214285714
346	2.23406656000000	1.05102761650794
347	2.23553708000000	1.04541447809524
348	2.23701632000000	1.04003638857143
349	2.23850404000000	1.03489700888889
350	2.24000000000000	1.03000000000000
351	2.24151793333333	1.02527327726496
352	2.24307108571429	1.02064097758242
353	2.24465848571429	1.01610109421245
354	2.24627916190476	1.01165162041514
355	2.24793214285714	1.00729054945055
356	2.24961645714286	1.00301587457875
357	2.25133113333333	0.998825589059829
358	2.25307520000000	0.994717686153846
359	2.25484768571429	0.990690159120879
360	2.25664761904762	0.986741001221001
361	2.25847402857143	0.982868205714286
362	2.26032594285714	0.979069765860806
363	2.26220239047619	0.975343674920635
364	2.26410240000000	0.971687926153846
365	2.26602500000000	0.968100512820513
366	2.26796921904762	0.964579428180708
367	2.26993408571429	0.961122665494506
368	2.27191862857143	0.957728218021978
369	2.27392187619048	0.954394079023199
370	2.27594285714286	0.951118241758242
371	2.27798060000000	0.947898699487180
372	2.28003413333333	0.944733445470085
373	2.28210248571429	0.941620472967033
374	2.28418468571429	0.938557775238095
375	2.28627976190476	0.935543345543346
376	2.28838674285714	0.932575177142857
377	2.29050465714286	0.929651263296703
378	2.29263253333333	0.926769597264957
379	2.29476940000000	0.923928172307692
380	2.29691428571429	0.921124981684982
381	2.29906621904762	0.918358018656899
382	2.30122422857143	0.915625276483516
383	2.30338734285714	0.912924748424908
384	2.30555459047619	0.910254427741148
385	2.30772500000000	0.907612307692308
386	2.30989760000000	0.904996381538462
387	2.31207141904762	0.902404642539683
388	2.31424548571429	0.899835083956044
389	2.31641882857143	0.897285699047619
390	2.31859047619048	0.894754481074481
391	2.32075945714286	0.892239423296703
392	2.32292480000000	0.889738518974359
393	2.32508553333333	0.887249761367521
394	2.32724068571429	0.884771143736264
395	2.32938928571429	0.882300659340659
396	2.33153036190476	0.879836301440782
397	2.33366294285714	0.877376063296703
398	2.33578605714286	0.874917938168498
399	2.33789873333333	0.872459919316239
400	2.34000000000000	0.870000000000000
401	2.34210369866667	0.867554675303644
402	2.34422379885714	0.865141208097166
403	2.34635952114286	0.862758743319838
404	2.34851008609524	0.860406425910931
405	2.35067471428571	0.858083400809717
406	2.35285262628571	0.855788812955466
407	2.35504304266667	0.853521807287450
408	2.35724518400000	0.851281528744939
409	2.35945827085714	0.849067122267207
410	2.36168152380952	0.846877732793522
411	2.36391416342857	0.844712505263158
412	2.36615541028571	0.842570584615385
413	2.36840448495238	0.840451115789474
414	2.37066060800000	0.838353243724696
415	2.37292300000000	0.836276113360324
416	2.37519088152381	0.834218869635628
417	2.37746347314286	0.832180657489879
418	2.37973999542857	0.830160621862348
419	2.38201966895238	0.828157907692308
420	2.38430171428571	0.826171659919028
421	2.38658535200000	0.824201023481782
422	2.38886980266667	0.822245143319838
423	2.39115428685714	0.820303164372470
424	2.39343802514286	0.818374231578947
425	2.39572023809524	0.816457489878543
426	2.39800014628571	0.814552084210526
427	2.40027697028571	0.812657159514170
428	2.40254993066667	0.810771860728745
429	2.40481824800000	0.808895332793522
430	2.40708114285714	0.807026720647773
431	2.40933783580952	0.805165169230769
432	2.41158754742857	0.803309823481781
433	2.41382949828571	0.801459828340081
434	2.41606290895238	0.799614328744939
435	2.41828700000000	0.797772469635628
436	2.42050099200000	0.795933395951417
437	2.42270410552381	0.794096252631579
438	2.42489556114286	0.792260184615385
439	2.42707457942857	0.790424336842105
440	2.42924038095238	0.788587854251012
441	2.43139218628571	0.786749881781377
442	2.43352921600000	0.784909564372470
443	2.43565069066667	0.783066046963563
444	2.43775583085714	0.781218474493927
445	2.43984385714286	0.779365991902834
446	2.44191399009524	0.777507744129555
447	2.44396545028571	0.775642876113361
448	2.44599745828571	0.773770532793522
449	2.44800923466667	0.771889859109312
450	2.45000000000000	0.770000000000000
451	2.45198644123077	0.768109014736842
452	2.45398494523077	0.766225381052632
453	2.45599428246154	0.764348871578948
454	2.45801322338462	0.762479258947369
455	2.46004053846154	0.760616315789474
456	2.46207499815385	0.758759814736842
457	2.46411537292308	0.756909528421053
458	2.46616043323077	0.755065229473684
459	2.46820894953846	0.753226690526316
460	2.47025969230769	0.751393684210526
461	2.47231143200000	0.749565983157895
462	2.47436293907692	0.747743360000000
463	2.47641298400000	0.745925587368421
464	2.47846033723077	0.744112437894737
465	2.48050376923077	0.742303684210526
466	2.48254205046154	0.740499098947369
467	2.48457395138462	0.738698454736842
468	2.48659824246154	0.736901524210527
469	2.48861369415385	0.735108080000000
470	2.49061907692308	0.733317894736842
471	2.49261316123077	0.731530741052632
472	2.49459471753846	0.729746391578948
473	2.49656251630769	0.727964618947369
474	2.49851532800000	0.726185195789474
475	2.50045192307692	0.724407894736842
476	2.50237107200000	0.722632488421053
477	2.50427154523077	0.720858749473684
478	2.50615211323077	0.719086450526316
479	2.50801154646154	0.717315364210526
480	2.50984861538462	0.715545263157895
481	2.51166209046154	0.713775920000000
482	2.51345074215385	0.712007107368421
483	2.51521334092308	0.710238597894737
484	2.51694865723077	0.708470164210526
485	2.51865546153846	0.706701578947369
486	2.52033252430769	0.704932614736842
487	2.52197861600000	0.703163044210526
488	2.52359250707692	0.701392640000000
489	2.52517296800000	0.699621174736842
490	2.52671876923077	0.697848421052632
491	2.52822868123077	0.696074151578948
492	2.52970147446154	0.694298138947369
493	2.53113591938462	0.692520155789474
494	2.53253078646154	0.690739974736842
495	2.53388484615385	0.688957368421053
496	2.53519686892308	0.687172109473684
497	2.53646562523077	0.685383970526316
498	2.53768988553846	0.683592724210526
499	2.53886842030769	0.681798143157895
500	2.54000000000000	0.680000000000000
501	2.54109123132867	0.678200000000000
502	2.54215038209790	0.676400000000000
503	2.54317871440559	0.674600000000000
504	2.54417749034965	0.672800000000000
505	2.54514797202797	0.671000000000000
506	2.54609142153846	0.669200000000000
507	2.54700910097902	0.667400000000000
508	2.54790227244755	0.665600000000000
509	2.54877219804196	0.663800000000000
510	2.54962013986014	0.662000000000000
511	2.55044736000000	0.660200000000000
512	2.55125512055944	0.658400000000000
513	2.55204468363636	0.656600000000000
514	2.55281731132867	0.654800000000000
515	2.55357426573427	0.653000000000000
516	2.55431680895105	0.651200000000000
517	2.55504620307692	0.649400000000000
518	2.55576371020979	0.647600000000000
519	2.55647059244755	0.645800000000000
520	2.55716811188811	0.644000000000000
521	2.55785753062937	0.642200000000000
522	2.55854011076923	0.640400000000000
523	2.55921711440559	0.638600000000000
524	2.55988980363636	0.636800000000000
525	2.56055944055944	0.635000000000000
526	2.56122728727273	0.633200000000000
527	2.56189460587413	0.631400000000000
528	2.56256265846154	0.629600000000000
529	2.56323270713287	0.627800000000000
530	2.56390601398601	0.626000000000000
531	2.56458384111888	0.624200000000000
532	2.56526745062937	0.622400000000000
533	2.56595810461538	0.620600000000000
534	2.56665706517483	0.618800000000000
535	2.56736559440559	0.617000000000000
536	2.56808495440559	0.615200000000000
537	2.56881640727273	0.613400000000000
538	2.56956121510490	0.611600000000000
539	2.57032064000000	0.609800000000000
540	2.57109594405594	0.608000000000000
541	2.57188838937063	0.606200000000000
542	2.57269923804196	0.604400000000000
543	2.57352975216783	0.602600000000000
544	2.57438119384615	0.600800000000000
545	2.57525482517483	0.599000000000000
546	2.57615190825175	0.597200000000000
547	2.57707370517483	0.595400000000000
548	2.57802147804196	0.593600000000000
549	2.57899648895105	0.591800000000000
550	2.58000000000000	0.590000000000000
551	2.58103330181818	0.588201856842106
552	2.58209623272727	0.586407275789474
553	2.58318787636364	0.584616029473684
554	2.58430731636364	0.582827890526316
555	2.58545363636364	0.581042631578948
556	2.58662592000000	0.579260025263158
557	2.58782325090909	0.577479844210526
558	2.58904471272727	0.575701861052632
559	2.59028938909091	0.573925848421053
560	2.59155636363636	0.572151578947368
561	2.59284472000000	0.570378825263158
562	2.59415354181818	0.568607360000000
563	2.59548191272727	0.566836955789474
564	2.59682891636364	0.565067385263158
565	2.59819363636364	0.563298421052632
566	2.59957515636364	0.561529835789474
567	2.60097256000000	0.559761402105263
568	2.60238493090909	0.557992892631579
569	2.60381135272727	0.556224080000000
570	2.60525090909091	0.554454736842105
571	2.60670268363636	0.552684635789474
572	2.60816576000000	0.550913549473684
573	2.60963922181818	0.549141250526316
574	2.61112215272727	0.547367511578947
575	2.61261363636364	0.545592105263158
576	2.61411275636364	0.543814804210526
577	2.61561859636364	0.542035381052632
578	2.61713024000000	0.540253608421053
579	2.61864677090909	0.538469258947369
580	2.62016727272727	0.536682105263158
581	2.62169082909091	0.534891920000000
582	2.62321652363636	0.533098475789474
583	2.62474344000000	0.531301545263158
584	2.62627066181818	0.529500901052631
585	2.62779727272727	0.527696315789474
586	2.62932235636364	0.525887562105263
587	2.63084499636364	0.524074412631579
588	2.63236427636364	0.522256640000000
589	2.63387928000000	0.520434016842105
590	2.63538909090909	0.518606315789474
591	2.63689279272727	0.516773309473684
592	2.63838946909091	0.514934770526316
593	2.63987820363636	0.513090471578947
594	2.64135808000000	0.511240185263158
595	2.64282818181818	0.509383684210526
596	2.64428759272727	0.507520741052632
597	2.64573539636364	0.505651128421053
598	2.64717067636364	0.503774618947368
599	2.64859251636364	0.501890985263158
600	2.65000000000000	0.500000000000000
601	2.65138926260870	0.498099031578947
602	2.65275792695652	0.496185936842105
603	2.65410730782609	0.494261221052632
604	2.65543872000000	0.492325389473684
605	2.65675347826087	0.490378947368421
606	2.65805289739130	0.488422400000000
607	2.65933829217391	0.486456252631579
608	2.66061097739130	0.484481010526316
609	2.66187226782609	0.482497178947368
610	2.66312347826087	0.480505263157895
611	2.66436592347826	0.478505768421053
612	2.66560091826087	0.476499200000000
613	2.66682977739130	0.474486063157895
614	2.66805381565217	0.472466863157895
615	2.66927434782609	0.470442105263158
616	2.67049268869565	0.468412294736842
617	2.67171015304348	0.466377936842105
618	2.67292805565217	0.464339536842105
619	2.67414771130435	0.462297600000000
620	2.67537043478261	0.460252631578947
621	2.67659754086957	0.458205136842105
622	2.67783034434783	0.456155621052632
623	2.67907016000000	0.454104589473684
624	2.68031830260870	0.452052547368421
625	2.68157608695652	0.450000000000000
626	2.68284482782609	0.447947452631579
627	2.68412584000000	0.445895410526316
628	2.68542043826087	0.443844378947368
629	2.68672993739130	0.441794863157895
630	2.68805565217391	0.439747368421053
631	2.68939889739130	0.437702400000000
632	2.69076098782609	0.435660463157895
633	2.69214323826087	0.433622063157895
634	2.69354696347826	0.431587705263158
635	2.69497347826087	0.429557894736842
636	2.69642409739130	0.427533136842105
637	2.69790013565217	0.425513936842105
638	2.69940290782609	0.423500800000000
639	2.70093372869565	0.421494231578947
640	2.70249391304348	0.419494736842105
641	2.70408477565217	0.417502821052632
642	2.70570763130435	0.415518989473684
643	2.70736379478261	0.413543747368421
644	2.70905458086957	0.411577600000000
645	2.71078130434783	0.409621052631579
646	2.71254528000000	0.407674610526316
647	2.71434782260870	0.405738778947368
648	2.71619024695652	0.403814063157895
649	2.71807386782609	0.401900968421053
650	2.72000000000000	0.400000000000000
651	2.72201497377391	0.398109014736842
652	2.72416080584348	0.396225381052632
653	2.72643234059130	0.394348871578947
654	2.72882442240000	0.392479258947369
655	2.73133189565217	0.390616315789474
656	2.73394960473043	0.388759814736842
657	2.73667239401739	0.386909528421053
658	2.73949510789565	0.385065229473684
659	2.74241259074783	0.383226690526316
660	2.74541968695652	0.381393684210527
661	2.74851124090435	0.379565983157895
662	2.75168209697391	0.377743360000000
663	2.75492709954783	0.375925587368421
664	2.75824109300870	0.374112437894737
665	2.76161892173913	0.372303684210526
666	2.76505543012174	0.370499098947369
667	2.76854546253913	0.368698454736842
668	2.77208386337391	0.366901524210526
669	2.77566547700870	0.365108080000000
670	2.77928514782609	0.363317894736842
671	2.78293772020870	0.361530741052632
672	2.78661803853913	0.359746391578948
673	2.79032094720000	0.357964618947368
674	2.79404129057391	0.356185195789474
675	2.79777391304348	0.354407894736842
676	2.80151365899130	0.352632488421053
677	2.80525537280000	0.350858749473684
678	2.80899389885217	0.349086450526316
679	2.81272408153044	0.347315364210526
680	2.81644076521739	0.345545263157895
681	2.82013879429565	0.343775920000000
682	2.82381301314783	0.342007107368421
683	2.82745826615652	0.340238597894737
684	2.83106939770435	0.338470164210526
685	2.83464125217391	0.336701578947368
686	2.83816867394783	0.334932614736842
687	2.84164650740870	0.333163044210526
688	2.84506959693913	0.331392640000000
689	2.84843278692174	0.329621174736842
690	2.85173092173913	0.327848421052632
691	2.85495884577391	0.326074151578947
692	2.85811140340870	0.324298138947369
693	2.86118343902609	0.322520155789474
694	2.86416979700870	0.320739974736842
695	2.86706532173913	0.318957368421052
696	2.86986485760000	0.317172109473684
697	2.87256324897391	0.315383970526316
698	2.87515534024348	0.313592724210526
699	2.87763597579130	0.311798143157895
700	2.88000000000000	0.310000000000000
701	2.88231932160000	0.308203528000000
702	2.88466721280000	0.306413824000000
703	2.88704056320000	0.304630456000000
704	2.88943626240000	0.302852992000000
705	2.89185120000000	0.301081000000000
706	2.89428226560000	0.299314048000000
707	2.89672634880000	0.297551704000000
708	2.89918033920000	0.295793536000000
709	2.90164112640000	0.294039112000000
710	2.90410560000000	0.292288000000000
711	2.90657064960000	0.290539768000000
712	2.90903316480000	0.288793984000000
713	2.91149003520000	0.287050216000000
714	2.91393815040000	0.285308032000000
715	2.91637440000000	0.283567000000000
716	2.91879567360000	0.281826688000000
717	2.92119886080000	0.280086664000000
718	2.92358085120000	0.278346496000000
719	2.92593853440000	0.276605752000000
720	2.92826880000000	0.274864000000000
721	2.93056853760000	0.273120808000000
722	2.93283463680000	0.271375744000000
723	2.93506398720000	0.269628376000000
724	2.93725347840000	0.267878272000000
725	2.93940000000000	0.266125000000000
726	2.94150044160000	0.264368128000000
727	2.94355169280000	0.262607224000000
728	2.94555064320000	0.260841856000000
729	2.94749418240000	0.259071592000000
730	2.94937920000000	0.257296000000000
731	2.95120258560000	0.255514648000000
732	2.95296122880000	0.253727104000000
733	2.95465201920000	0.251932936000000
734	2.95627184640000	0.250131712000000
735	2.95781760000000	0.248323000000000
736	2.95928616960000	0.246506368000000
737	2.96067444480000	0.244681384000000
738	2.96197931520000	0.242847616000000
739	2.96319767040000	0.241004632000000
740	2.96432640000000	0.239152000000000
741	2.96536239360000	0.237289288000000
742	2.96630254080000	0.235416064000000
743	2.96714373120000	0.233531896000000
744	2.96788285440000	0.231636352000000
745	2.96851680000000	0.229729000000000
746	2.96904245760000	0.227809408000000
747	2.96945671680000	0.225877144000000
748	2.96975646720000	0.223931776000000
749	2.96993859840000	0.221972872000000
750	2.97000000000000	0.220000000000000
751	2.96998359000000	0.218001705777778
752	2.96993472000000	0.215967957333333
753	2.96985393000000	0.213900456000000
754	2.96974176000000	0.211800903111111
755	2.96959875000000	0.209671000000000
756	2.96942544000000	0.207512448000000
757	2.96922237000000	0.205326948444444
758	2.96899008000000	0.203116202666667
759	2.96872911000000	0.200881912000000
760	2.96844000000000	0.198625777777778
761	2.96812329000000	0.196349501333333
762	2.96777952000000	0.194054784000000
763	2.96740923000000	0.191743327111111
764	2.96701296000000	0.189416832000000
765	2.96659125000000	0.187077000000000
766	2.96614464000000	0.184725532444444
767	2.96567367000000	0.182364130666667
768	2.96517888000000	0.179994496000000
769	2.96466081000000	0.177618329777778
770	2.96412000000000	0.175237333333333
771	2.96355699000000	0.172853208000000
772	2.96297232000000	0.170467655111111
773	2.96236653000000	0.168082376000000
774	2.96174016000000	0.165699072000000
775	2.96109375000000	0.163319444444444
776	2.96042784000000	0.160945194666667
777	2.95974297000000	0.158578024000000
778	2.95903968000000	0.156219633777778
779	2.95831851000000	0.153871725333333
780	2.95758000000000	0.151536000000000
781	2.95682469000000	0.149214159111111
782	2.95605312000000	0.146907904000000
783	2.95526583000000	0.144618936000000
784	2.95446336000000	0.142348956444444
785	2.95364625000000	0.140099666666667
786	2.95281504000000	0.137872768000000
787	2.95197027000000	0.135669961777778
788	2.95111248000000	0.133492949333333
789	2.95024221000000	0.131343432000000
790	2.94936000000000	0.129223111111111
791	2.94846639000000	0.127133688000000
792	2.94756192000000	0.125076864000000
793	2.94664713000000	0.123054340444445
794	2.94572256000000	0.121067818666667
795	2.94478875000000	0.119119000000000
796	2.94384624000000	0.117209585777778
797	2.94289557000000	0.115341277333334
798	2.94193728000000	0.113515776000000
799	2.94097191000000	0.111734783111111
800	2.94000000000000	0.110000000000000
801	2.93894536200000	0.108280628888889
802	2.93773529600000	0.106545920000000
803	2.93637557400000	0.104797646666667
804	2.93487196800000	0.103037582222222
805	2.93323025000000	0.101267500000000
806	2.93145619200000	0.0994891733333333
807	2.92955556600000	0.0977043755555557
808	2.92753414400000	0.0959148800000000
809	2.92539769800000	0.0941224600000002
810	2.92315200000000	0.0923288888888889
811	2.92080282200000	0.0905359400000002
812	2.91835593600000	0.0887453866666666
813	2.91581711400000	0.0869590022222224
814	2.91319212800000	0.0851785600000000
815	2.91048675000000	0.0834058333333335
816	2.90770675200000	0.0816425955555555
817	2.90485790600000	0.0798906200000001
818	2.90194598400000	0.0781516800000000
819	2.89897675800000	0.0764275488888890
820	2.89595600000000	0.0747199999999999
821	2.89288948200000	0.0730308066666668
822	2.88978297600000	0.0713617422222222
823	2.88664225400000	0.0697145800000001
824	2.88347308800000	0.0680910933333333
825	2.88028125000000	0.0664930555555557
826	2.87707251200000	0.0649222399999999
827	2.87385264600000	0.0633804200000001
828	2.87062742400000	0.0618693688888888
829	2.86740261800000	0.0603908600000001
830	2.86418400000000	0.0589466666666666
831	2.86097734200000	0.0575385622222223
832	2.85778841600000	0.0561683199999999
833	2.85462299400000	0.0548377133333334
834	2.85148684800000	0.0535485155555555
835	2.84838575000000	0.0523025000000000
836	2.84532547200000	0.0511014399999999
837	2.84231178600000	0.0499471088888889
838	2.83935046400000	0.0488412799999999
839	2.83644727800000	0.0477857266666667
840	2.83360800000000	0.0467822222222221
841	2.83083840200000	0.0458325400000000
842	2.82814425600000	0.0449384533333333
843	2.82553133400000	0.0441017355555556
844	2.82300540800000	0.0433241599999999
845	2.82057225000000	0.0426075000000000
846	2.81823763200000	0.0419535288888888
847	2.81600732600000	0.0413640200000000
848	2.81388710400000	0.0408407466666666
849	2.81188273800000	0.0403854822222222
850	2.81000000000000	0.0400000000000000
851	2.80819205866667	0.0396559400000000
852	2.80640793600000	0.0393235200000000
853	2.80464718400000	0.0390023800000000
854	2.80290935466667	0.0386921600000000
855	2.80119400000000	0.0383925000000000
856	2.79950067200000	0.0381030400000000
857	2.79782892266667	0.0378234200000000
858	2.79617830400000	0.0375532800000000
859	2.79454836800000	0.0372922600000000
860	2.79293866666667	0.0370400000000000
861	2.79134875200000	0.0367961400000000
862	2.78977817600000	0.0365603200000000
863	2.78822649066667	0.0363321800000000
864	2.78669324800000	0.0361113600000000
865	2.78517800000000	0.0358975000000000
866	2.78368029866667	0.0356902400000000
867	2.78219969600000	0.0354892200000000
868	2.78073574400000	0.0352940800000000
869	2.77928799466667	0.0351044600000000
870	2.77785600000000	0.0349200000000000
871	2.77643931200000	0.0347403400000000
872	2.77503748266667	0.0345651200000000
873	2.77365006400000	0.0343939800000000
874	2.77227660800000	0.0342265600000000
875	2.77091666666667	0.0340625000000000
876	2.76956979200000	0.0339014400000000
877	2.76823553600000	0.0337430200000000
878	2.76691345066667	0.0335868800000000
879	2.76560308800000	0.0334326600000000
880	2.76430400000000	0.0332800000000000
881	2.76301573866667	0.0331285400000000
882	2.76173785600000	0.0329779200000000
883	2.76046990400000	0.0328277800000000
884	2.75921143466667	0.0326777600000000
885	2.75796200000000	0.0325275000000000
886	2.75672115200000	0.0323766400000000
887	2.75548844266667	0.0322248200000000
888	2.75426342400000	0.0320716800000000
889	2.75304564800000	0.0319168600000000
890	2.75183466666667	0.0317600000000000
891	2.75063003200000	0.0316007400000000
892	2.74943129600000	0.0314387200000000
893	2.74823801066667	0.0312735800000000
894	2.74704972800000	0.0311049600000000
895	2.74586600000000	0.0309325000000000
896	2.74468637866667	0.0307558400000000
897	2.74351041600000	0.0305746200000000
898	2.74233766400000	0.0303884800000000
899	2.74116767466667	0.0301970600000000
900	2.74000000000000	0.0300000000000000
901	2.73883775555556	0.0298000000000000
902	2.73768426666667	0.0296000000000000
903	2.73653940000000	0.0294000000000000
904	2.73540302222222	0.0292000000000000
905	2.73427500000000	0.0290000000000000
906	2.73315520000000	0.0288000000000000
907	2.73204348888889	0.0286000000000000
908	2.73093973333333	0.0284000000000000
909	2.72984380000000	0.0282000000000000
910	2.72875555555556	0.0280000000000000
911	2.72767486666667	0.0278000000000000
912	2.72660160000000	0.0276000000000000
913	2.72553562222222	0.0274000000000000
914	2.72447680000000	0.0272000000000000
915	2.72342500000000	0.0270000000000000
916	2.72238008888889	0.0268000000000000
917	2.72134193333333	0.0266000000000000
918	2.72031040000000	0.0264000000000000
919	2.71928535555556	0.0262000000000000
920	2.71826666666667	0.0260000000000000
921	2.71725420000000	0.0258000000000000
922	2.71624782222222	0.0256000000000000
923	2.71524740000000	0.0254000000000000
924	2.71425280000000	0.0252000000000000
925	2.71326388888889	0.0250000000000000
926	2.71228053333333	0.0248000000000000
927	2.71130260000000	0.0246000000000000
928	2.71032995555556	0.0244000000000000
929	2.70936246666667	0.0242000000000000
930	2.70840000000000	0.0240000000000000
931	2.70744242222222	0.0238000000000000
932	2.70648960000000	0.0236000000000000
933	2.70554140000000	0.0234000000000000
934	2.70459768888889	0.0232000000000000
935	2.70365833333333	0.0230000000000000
936	2.70272320000000	0.0228000000000000
937	2.70179215555556	0.0226000000000000
938	2.70086506666667	0.0224000000000000
939	2.69994180000000	0.0222000000000000
940	2.69902222222222	0.0220000000000000
941	2.69810620000000	0.0218000000000000
942	2.69719360000000	0.0216000000000000
943	2.69628428888889	0.0214000000000000
944	2.69537813333333	0.0212000000000000
945	2.69447500000000	0.0210000000000000
946	2.69357475555556	0.0208000000000000
947	2.69267726666667	0.0206000000000000
948	2.69178240000000	0.0204000000000000
949	2.69089002222222	0.0202000000000000
950	2.69000000000000	0.0200000000000000
951	2.68910980649573	0.0197987938461538
952	2.68821725538462	0.0195952738461538
953	2.68732272410256	0.0193895876923077
954	2.68642659008547	0.0191818830769231
955	2.68552923076923	0.0189723076923077
956	2.68463102358974	0.0187610092307692
957	2.68373234598291	0.0185481353846154
958	2.68283357538462	0.0183338338461538
959	2.68193508923077	0.0181182523076923
960	2.68103726495727	0.0179015384615385
961	2.68014048000000	0.0176838400000000
962	2.67924511179487	0.0174653046153846
963	2.67835153777778	0.0172460800000000
964	2.67746013538462	0.0170263138461538
965	2.67657128205128	0.0168061538461538
966	2.67568535521368	0.0165857476923077
967	2.67480273230769	0.0163652430769231
968	2.67392379076923	0.0161447876923077
969	2.67304890803419	0.0159245292307692
970	2.67217846153846	0.0157046153846154
971	2.67131282871795	0.0154851938461538
972	2.67045238700855	0.0152664123076923
973	2.66959751384615	0.0150484184615384
974	2.66874858666667	0.0148313600000000
975	2.66790598290598	0.0146153846153846
976	2.66707008000000	0.0144006400000000
977	2.66624125538462	0.0141872738461538
978	2.66541988649573	0.0139754338461538
979	2.66460635076923	0.0137652676923077
980	2.66380102564103	0.0135569230769231
981	2.66300428854701	0.0133505476923077
982	2.66221651692308	0.0131462892307692
983	2.66143808820513	0.0129442953846154
984	2.66066937982906	0.0127447138461538
985	2.65991076923077	0.0125476923076923
986	2.65916263384615	0.0123533784615385
987	2.65842535111111	0.0121619200000000
988	2.65769929846154	0.0119734646153846
989	2.65698485333333	0.0117881600000000
990	2.65628239316239	0.0116061538461538
991	2.65559229538462	0.0114275938461538
992	2.65491493743590	0.0112526276923077
993	2.65425069675214	0.0110814030769231
994	2.65359995076923	0.0109140676923077
995	2.65296307692308	0.0107507692307692
996	2.65234045264957	0.0105916553846154
997	2.65173245538462	0.0104368738461538
998	2.65113946256410	0.0102865723076923
999	2.65056185162393	0.0101408984615384
1000	2.65000000000000	0.0100000000000000
1001	2.64944864967033	0.00986131384615383
1002	2.64890225230769	0.00972220307692308
1003	2.64836074989011	0.00958270461538460
1004	2.64782408439560	0.00944285538461539
1005	2.64729219780220	0.00930269230769232
1006	2.64676503208791	0.00916225230769231
1007	2.64624252923077	0.00902157230769232
1008	2.64572463120879	0.00888068923076923
1009	2.64521128000000	0.00873964000000002
1010	2.64470241758242	0.00859846153846154
1011	2.64419798593407	0.00845719076923079
1012	2.64369792703297	0.00831586461538462
1013	2.64320218285714	0.00817452000000002
1014	2.64271069538462	0.00803319384615385
1015	2.64222340659341	0.00789192307692309
1016	2.64174025846154	0.00775074461538462
1017	2.64126119296703	0.00760969538461540
1018	2.64078615208791	0.00746881230769231
1019	2.64031507780220	0.00732813230769232
1020	2.63984791208791	0.00718769230769231
1021	2.63938459692308	0.00704752923076925
1022	2.63892507428571	0.00690768000000000
1023	2.63846928615385	0.00676818153846156
1024	2.63801717450549	0.00662907076923077
1025	2.63756868131868	0.00649038461538463
1026	2.63712374857143	0.00635216000000000
1027	2.63668231824176	0.00621443384615386
1028	2.63624433230769	0.00607724307692308
1029	2.63580973274725	0.00594062461538463
1030	2.63537846153846	0.00580461538461539
1031	2.63495046065934	0.00566925230769232
1032	2.63452567208791	0.00553457230769231
1033	2.63410403780220	0.00540061230769232
1034	2.63368549978022	0.00526740923076923
1035	2.63327000000000	0.00513500000000001
1036	2.63285748043956	0.00500342153846154
1037	2.63244788307692	0.00487271076923078
1038	2.63204114989011	0.00474290461538462
1039	2.63163722285714	0.00461404000000001
1040	2.63123604395604	0.00448615384615385
1041	2.63083755516484	0.00435928307692309
1042	2.63044169846154	0.00423346461538462
1043	2.63004841582418	0.00410873538461540
1044	2.62965764923077	0.00398513230769231
1045	2.62926934065934	0.00386269230769232
1046	2.62888343208791	0.00374145230769231
1047	2.62849986549451	0.00362144923076924
1048	2.62811858285714	0.00350272000000000
1049	2.62773952615385	0.00338530153846155
1050	2.62736263736264	0.00326923076923077
1051	2.62698785846154	0.00315454461538463
1052	2.62661513142857	0.00304128000000000
1053	2.62624439824176	0.00292947384615386
1054	2.62587560087912	0.00281916307692308
1055	2.62550868131868	0.00271038461538463
1056	2.62514358153846	0.00260317538461538
1057	2.62478024351648	0.00249757230769232
1058	2.62441860923077	0.00239361230769231
1059	2.62405862065934	0.00229133230769232
1060	2.62370021978022	0.00219076923076923
1061	2.62334334857143	0.00209196000000001
1062	2.62298794901099	0.00199494153846154
1063	2.62263396307692	0.00189975076923078
1064	2.62228133274725	0.00180642461538462
1065	2.62193000000000	0.00171500000000001
1066	2.62157990681319	0.00162551384615385
1067	2.62123099516484	0.00153800307692309
1068	2.62088320703297	0.00145250461538462
1069	2.62053648439560	0.00136905538461539
1070	2.62019076923077	0.00128769230769231
1071	2.61984600351648	0.00120845230769232
1072	2.61950212923077	0.00113137230769231
1073	2.61915908835165	0.00105648923076924
1074	2.61881682285714	0.000983840000000000
1075	2.61847527472527	0.000913461538461547
1076	2.61813438593407	0.000845390769230769
1077	2.61779409846154	0.000779664615384623
1078	2.61745435428571	0.000716320000000000
1079	2.61711509538462	0.000655393846153854
1080	2.61677626373626	0.000596923076923077
1081	2.61643780131868	0.000540944615384622
1082	2.61609965010989	0.000487495384615384
1083	2.61576175208791	0.000436612307692314
1084	2.61542404923077	0.000388332307692307
1085	2.61508648351648	0.000342692307692311
1086	2.61474899692308	0.000299729230769230
1087	2.61441153142857	0.000259480000000005
1088	2.61407402901099	0.000221981538461539
1089	2.61373643164835	0.000187270769230773
1090	2.61339868131868	0.000155384615384616
1091	2.61306072000000	0.000126360000000002
1092	2.61272248967033	0.000100233846153847
1093	2.61238393230769	7.70430769230796e-05
1094	2.61204498989011	5.68246153846153e-05
1095	2.61170560439560	3.96153846153862e-05
1096	2.61136571780220	2.54523076923079e-05
1097	2.61102527208791	1.43723076923077e-05
1098	2.61068420923077	6.41230769230644e-06
1099	2.61034247120879	1.60923076922975e-06
1100	2.61000000000000	0
1101	2.60965651071429	0
1102	2.60931180000000	0
1103	2.60896593214286	0
1104	2.60861897142857	0
1105	2.60827098214286	0
1106	2.60792202857143	0
1107	2.60757217500000	0
1108	2.60722148571429	0
1109	2.60687002500000	0
1110	2.60651785714286	0
1111	2.60616504642857	0
1112	2.60581165714286	0
1113	2.60545775357143	0
1114	2.60510340000000	0
1115	2.60474866071429	0
1116	2.60439360000000	0
1117	2.60403828214286	0
1118	2.60368277142857	0
1119	2.60332713214286	0
1120	2.60297142857143	0
1121	2.60261572500000	0
1122	2.60226008571429	0
1123	2.60190457500000	0
1124	2.60154925714286	0
1125	2.60119419642857	0
1126	2.60083945714286	0
1127	2.60048510357143	0
1128	2.60013120000000	0
1129	2.59977781071429	0
1130	2.59942500000000	0
1131	2.59907283214286	0
1132	2.59872137142857	0
1133	2.59837068214286	0
1134	2.59802082857143	0
1135	2.59767187500000	0
1136	2.59732388571429	0
1137	2.59697692500000	0
1138	2.59663105714286	0
1139	2.59628634642857	0
1140	2.59594285714286	0
1141	2.59560065357143	0
1142	2.59525980000000	0
1143	2.59492036071429	0
1144	2.59458240000000	0
1145	2.59424598214286	0
1146	2.59391117142857	0
1147	2.59357803214286	0
1148	2.59324662857143	0
1149	2.59291702500000	0
1150	2.59258928571429	0
1151	2.59226347500000	0
1152	2.59193965714286	0
1153	2.59161789642857	0
1154	2.59129825714286	0
1155	2.59098080357143	0
1156	2.59066560000000	0
1157	2.59035271071429	0
1158	2.59004220000000	0
1159	2.58973413214286	0
1160	2.58942857142857	0
1161	2.58912558214286	0
1162	2.58882522857143	0
1163	2.58852757500000	0
1164	2.58823268571429	0
1165	2.58794062500000	0
1166	2.58765145714286	0
1167	2.58736524642857	0
1168	2.58708205714286	0
1169	2.58680195357143	0
1170	2.58652500000000	0
1171	2.58625126071429	0
1172	2.58598080000000	0
1173	2.58571368214286	0
1174	2.58544997142857	0
1175	2.58518973214286	0
1176	2.58493302857143	0
1177	2.58467992500000	0
1178	2.58443048571429	0
1179	2.58418477500000	0
1180	2.58394285714286	0
1181	2.58370479642857	0
1182	2.58347065714286	0
1183	2.58324050357143	0
1184	2.58301440000000	0
1185	2.58279241071429	0
1186	2.58257460000000	0
1187	2.58236103214286	0
1188	2.58215177142857	0
1189	2.58194688214286	0
1190	2.58174642857143	0
1191	2.58155047500000	0
1192	2.58135908571429	0
1193	2.58117232500000	0
1194	2.58099025714286	0
1195	2.58081294642857	0
1196	2.58064045714286	0
1197	2.58047285357143	0
1198	2.58031020000000	0
1199	2.58015256071429	0
1200	2.58000000000000	0
1201	2.57985099500000	0
1202	2.57970396000000	0
1203	2.57955886500000	0
1204	2.57941568000000	0
1205	2.57927437500000	0
1206	2.57913492000000	0
1207	2.57899728500000	0
1208	2.57886144000000	0
1209	2.57872735500000	0
1210	2.57859500000000	0
1211	2.57846434500000	0
1212	2.57833536000000	0
1213	2.57820801500000	0
1214	2.57808228000000	0
1215	2.57795812500000	0
1216	2.57783552000000	0
1217	2.57771443500000	0
1218	2.57759484000000	0
1219	2.57747670500000	0
1220	2.57736000000000	0
1221	2.57724469500000	0
1222	2.57713076000000	0
1223	2.57701816500000	0
1224	2.57690688000000	0
1225	2.57679687500000	0
1226	2.57668812000000	0
1227	2.57658058500000	0
1228	2.57647424000000	0
1229	2.57636905500000	0
1230	2.57626500000000	0
1231	2.57616204500000	0
1232	2.57606016000000	0
1233	2.57595931500000	0
1234	2.57585948000000	0
1235	2.57576062500000	0
1236	2.57566272000000	0
1237	2.57556573500000	0
1238	2.57546964000000	0
1239	2.57537440500000	0
1240	2.57528000000000	0
1241	2.57518639500000	0
1242	2.57509356000000	0
1243	2.57500146500000	0
1244	2.57491008000000	0
1245	2.57481937500000	0
1246	2.57472932000000	0
1247	2.57463988500000	0
1248	2.57455104000000	0
1249	2.57446275500000	0
1250	2.57437500000000	0
1251	2.57428774500000	0
1252	2.57420096000000	0
1253	2.57411461500000	0
1254	2.57402868000000	0
1255	2.57394312500000	0
1256	2.57385792000000	0
1257	2.57377303500000	0
1258	2.57368844000000	0
1259	2.57360410500000	0
1260	2.57352000000000	0
1261	2.57343609500000	0
1262	2.57335236000000	0
1263	2.57326876500000	0
1264	2.57318528000000	0
1265	2.57310187500000	0
1266	2.57301852000000	0
1267	2.57293518500000	0
1268	2.57285184000000	0
1269	2.57276845500000	0
1270	2.57268500000000	0
1271	2.57260144500000	0
1272	2.57251776000000	0
1273	2.57243391500000	0
1274	2.57234988000000	0
1275	2.57226562500000	0
1276	2.57218112000000	0
1277	2.57209633500000	0
1278	2.57201124000000	0
1279	2.57192580500000	0
1280	2.57184000000000	0
1281	2.57175379500000	0
1282	2.57166716000000	0
1283	2.57158006500000	0
1284	2.57149248000000	0
1285	2.57140437500000	0
1286	2.57131572000000	0
1287	2.57122648500000	0
1288	2.57113664000000	0
1289	2.57104615500000	0
1290	2.57095500000000	0
1291	2.57086314500000	0
1292	2.57077056000000	0
1293	2.57067721500000	0
1294	2.57058308000000	0
1295	2.57048812500000	0
1296	2.57039232000000	0
1297	2.57029563500000	0
1298	2.57019804000000	0
1299	2.57009950500000	0
1300	2.57000000000000	0
1301	2.56989901000000	0
1302	2.56979608000000	0
1303	2.56969127000000	0
1304	2.56958464000000	0
1305	2.56947625000000	0
1306	2.56936616000000	0
1307	2.56925443000000	0
1308	2.56914112000000	0
1309	2.56902629000000	0
1310	2.56891000000000	0
1311	2.56879231000000	0
1312	2.56867328000000	0
1313	2.56855297000000	0
1314	2.56843144000000	0
1315	2.56830875000000	0
1316	2.56818496000000	0
1317	2.56806013000000	0
1318	2.56793432000000	0
1319	2.56780759000000	0
1320	2.56768000000000	0
1321	2.56755161000000	0
1322	2.56742248000000	0
1323	2.56729267000000	0
1324	2.56716224000000	0
1325	2.56703125000000	0
1326	2.56689976000000	0
1327	2.56676783000000	0
1328	2.56663552000000	0
1329	2.56650289000000	0
1330	2.56637000000000	0
1331	2.56623691000000	0
1332	2.56610368000000	0
1333	2.56597037000000	0
1334	2.56583704000000	0
1335	2.56570375000000	0
1336	2.56557056000000	0
1337	2.56543753000000	0
1338	2.56530472000000	0
1339	2.56517219000000	0
1340	2.56504000000000	0
1341	2.56490821000000	0
1342	2.56477688000000	0
1343	2.56464607000000	0
1344	2.56451584000000	0
1345	2.56438625000000	0
1346	2.56425736000000	0
1347	2.56412923000000	0
1348	2.56400192000000	0
1349	2.56387549000000	0
1350	2.56375000000000	0
1351	2.56362551000000	0
1352	2.56350208000000	0
1353	2.56337977000000	0
1354	2.56325864000000	0
1355	2.56313875000000	0
1356	2.56302016000000	0
1357	2.56290293000000	0
1358	2.56278712000000	0
1359	2.56267279000000	0
1360	2.56256000000000	0
1361	2.56244881000000	0
1362	2.56233928000000	0
1363	2.56223147000000	0
1364	2.56212544000000	0
1365	2.56202125000000	0
1366	2.56191896000000	0
1367	2.56181863000000	0
1368	2.56172032000000	0
1369	2.56162409000000	0
1370	2.56153000000000	0
1371	2.56143811000000	0
1372	2.56134848000000	0
1373	2.56126117000000	0
1374	2.56117624000000	0
1375	2.56109375000000	0
1376	2.56101376000000	0
1377	2.56093633000000	0
1378	2.56086152000000	0
1379	2.56078939000000	0
1380	2.56072000000000	0
1381	2.56065341000000	0
1382	2.56058968000000	0
1383	2.56052887000000	0
1384	2.56047104000000	0
1385	2.56041625000000	0
1386	2.56036456000000	0
1387	2.56031603000000	0
1388	2.56027072000000	0
1389	2.56022869000000	0
1390	2.56019000000000	0
1391	2.56015471000000	0
1392	2.56012288000000	0
1393	2.56009457000000	0
1394	2.56006984000000	0
1395	2.56004875000000	0
1396	2.56003136000000	0
1397	2.56001773000000	0
1398	2.56000792000000	0
1399	2.56000199000000	0
1400	2.56000000000000	0
1401	2.56000000000000	0
1402	2.56000000000000	0
1403	2.56000000000000	0
1404	2.56000000000000	0
1405	2.56000000000000	0
1406	2.56000000000000	0
1407	2.56000000000000	0
1408	2.56000000000000	0
1409	2.56000000000000	0
1410	2.56000000000000	0
1411	2.56000000000000	0
1412	2.56000000000000	0
1413	2.56000000000000	0
1414	2.56000000000000	0
1415	2.56000000000000	0
1416	2.56000000000000	0
1417	2.56000000000000	0
1418	2.56000000000000	0
1419	2.56000000000000	0
1420	2.56000000000000	0
1421	2.56000000000000	0
1422	2.56000000000000	0
1423	2.56000000000000	0
1424	2.56000000000000	0
1425	2.56000000000000	0
1426	2.56000000000000	0
1427	2.56000000000000	0
1428	2.56000000000000	0
1429	2.56000000000000	0
1430	2.56000000000000	0
1431	2.56000000000000	0
1432	2.56000000000000	0
1433	2.56000000000000	0
1434	2.56000000000000	0
1435	2.56000000000000	0
1436	2.56000000000000	0
1437	2.56000000000000	0
1438	2.56000000000000	0
1439	2.56000000000000	0
1440	2.56000000000000	0
1441	2.56000000000000	0
1442	2.56000000000000	0
1443	2.56000000000000	0
1444	2.56000000000000	0
1445	2.56000000000000	0
1446	2.56000000000000	0
1447	2.56000000000000	0
1448	2.56000000000000	0
1449	2.56000000000000	0
1450	2.56000000000000	0
1451	2.56000000000000	0
1452	2.56000000000000	0
1453	2.56000000000000	0
1454	2.56000000000000	0
1455	2.56000000000000	0
1456	2.56000000000000	0
1457	2.56000000000000	0
1458	2.56000000000000	0
1459	2.56000000000000	0
1460	2.56000000000000	0
1461	2.56000000000000	0
1462	2.56000000000000	0
1463	2.56000000000000	0
1464	2.56000000000000	0
1465	2.56000000000000	0
1466	2.56000000000000	0
1467	2.56000000000000	0
1468	2.56000000000000	0
1469	2.56000000000000	0
1470	2.56000000000000	0
1471	2.56000000000000	0
1472	2.56000000000000	0
1473	2.56000000000000	0
1474	2.56000000000000	0
1475	2.56000000000000	0
1476	2.56000000000000	0
1477	2.56000000000000	0
1478	2.56000000000000	0
1479	2.56000000000000	0
1480	2.56000000000000	0
1481	2.56000000000000	0
1482	2.56000000000000	0
1483	2.56000000000000	0
1484	2.56000000000000	0
1485	2.56000000000000	0
1486	2.56000000000000	0
1487	2.56000000000000	0
1488	2.56000000000000	0
1489	2.56000000000000	0
1490	2.56000000000000	0
1491	2.56000000000000	0
1492	2.56000000000000	0
1493	2.56000000000000	0
1494	2.56000000000000	0
1495	2.56000000000000	0
1496	2.56000000000000	0
1497	2.56000000000000	0
1498	2.56000000000000	0
1499	2.56000000000000	0
1500	2.56000000000000	0
1501	2.55999988016000	0
1502	2.55999952128000	0
1503	2.55999892432000	0
1504	2.55999809024000	0
1505	2.55999702000000	0
1506	2.55999571456000	0
1507	2.55999417488000	0
1508	2.55999240192000	0
1509	2.55999039664000	0
1510	2.55998816000000	0
1511	2.55998569296000	0
1512	2.55998299648000	0
1513	2.55998007152000	0
1514	2.55997691904000	0
1515	2.55997354000000	0
1516	2.55996993536000	0
1517	2.55996610608000	0
1518	2.55996205312000	0
1519	2.55995777744000	0
1520	2.55995328000000	0
1521	2.55994856176000	0
1522	2.55994362368000	0
1523	2.55993846672000	0
1524	2.55993309184000	0
1525	2.55992750000000	0
1526	2.55992169216000	0
1527	2.55991566928000	0
1528	2.55990943232000	0
1529	2.55990298224000	0
1530	2.55989632000000	0
1531	2.55988944656000	0
1532	2.55988236288000	0
1533	2.55987506992000	0
1534	2.55986756864000	0
1535	2.55985986000000	0
1536	2.55985194496000	0
1537	2.55984382448000	0
1538	2.55983549952000	0
1539	2.55982697104000	0
1540	2.55981824000000	0
1541	2.55980930736000	0
1542	2.55980017408000	0
1543	2.55979084112000	0
1544	2.55978130944000	0
1545	2.55977158000000	0
1546	2.55976165376000	0
1547	2.55975153168000	0
1548	2.55974121472000	0
1549	2.55973070384000	0
1550	2.55972000000000	0
1551	2.55970910416000	0
1552	2.55969801728000	0
1553	2.55968674032000	0
1554	2.55967527424000	0
1555	2.55966362000000	0
1556	2.55965177856000	0
1557	2.55963975088000	0
1558	2.55962753792000	0
1559	2.55961514064000	0
1560	2.55960256000000	0
1561	2.55958979696000	0
1562	2.55957685248000	0
1563	2.55956372752000	0
1564	2.55955042304000	0
1565	2.55953694000000	0
1566	2.55952327936000	0
1567	2.55950944208000	0
1568	2.55949542912000	0
1569	2.55948124144000	0
1570	2.55946688000000	0
1571	2.55945234576000	0
1572	2.55943763968000	0
1573	2.55942276272000	0
1574	2.55940771584000	0
1575	2.55939250000000	0
1576	2.55937711616000	0
1577	2.55936156528000	0
1578	2.55934584832000	0
1579	2.55932996624000	0
1580	2.55931392000000	0
1581	2.55929771056000	0
1582	2.55928133888000	0
1583	2.55926480592000	0
1584	2.55924811264000	0
1585	2.55923126000000	0
1586	2.55921424896000	0
1587	2.55919708048000	0
1588	2.55917975552000	0
1589	2.55916227504000	0
1590	2.55914464000000	0
1591	2.55912685136000	0
1592	2.55910891008000	0
1593	2.55909081712000	0
1594	2.55907257344000	0
1595	2.55905418000000	0
1596	2.55903563776000	0
1597	2.55901694768000	0
1598	2.55899811072000	0
1599	2.55897912784000	0
1600	2.55896000000000	0
1601	2.55894072816000	0
1602	2.55892131328000	0
1603	2.55890175632000	0
1604	2.55888205824000	0
1605	2.55886222000000	0
1606	2.55884224256000	0
1607	2.55882212688000	0
1608	2.55880187392000	0
1609	2.55878148464000	0
1610	2.55876096000000	0
1611	2.55874030096000	0
1612	2.55871950848000	0
1613	2.55869858352000	0
1614	2.55867752704000	0
1615	2.55865634000000	0
1616	2.55863502336000	0
1617	2.55861357808000	0
1618	2.55859200512000	0
1619	2.55857030544000	0
1620	2.55854848000000	0
1621	2.55852652976000	0
1622	2.55850445568000	0
1623	2.55848225872000	0
1624	2.55845993984000	0
1625	2.55843750000000	0
1626	2.55841494016000	0
1627	2.55839226128000	0
1628	2.55836946432000	0
1629	2.55834655024000	0
1630	2.55832352000000	0
1631	2.55830037456000	0
1632	2.55827711488000	0
1633	2.55825374192000	0
1634	2.55823025664000	0
1635	2.55820666000000	0
1636	2.55818295296000	0
1637	2.55815913648000	0
1638	2.55813521152000	0
1639	2.55811117904000	0
1640	2.55808704000000	0
1641	2.55806279536000	0
1642	2.55803844608000	0
1643	2.55801399312000	0
1644	2.55798943744000	0
1645	2.55796478000000	0
1646	2.55794002176000	0
1647	2.55791516368000	0
1648	2.55789020672000	0
1649	2.55786515184000	0
1650	2.55784000000000	0
1651	2.55781475216000	0
1652	2.55778940928000	0
1653	2.55776397232000	0
1654	2.55773844224000	0
1655	2.55771282000000	0
1656	2.55768710656000	0
1657	2.55766130288000	0
1658	2.55763540992000	0
1659	2.55760942864000	0
1660	2.55758336000000	0
1661	2.55755720496000	0
1662	2.55753096448000	0
1663	2.55750463952000	0
1664	2.55747823104000	0
1665	2.55745174000000	0
1666	2.55742516736000	0
1667	2.55739851408000	0
1668	2.55737178112000	0
1669	2.55734496944000	0
1670	2.55731808000000	0
1671	2.55729111376000	0
1672	2.55726407168000	0
1673	2.55723695472000	0
1674	2.55720976384000	0
1675	2.55718250000000	0
1676	2.55715516416000	0
1677	2.55712775728000	0
1678	2.55710028032000	0
1679	2.55707273424000	0
1680	2.55704512000000	0
1681	2.55701743856000	0
1682	2.55698969088000	0
1683	2.55696187792000	0
1684	2.55693400064000	0
1685	2.55690606000000	0
1686	2.55687805696000	0
1687	2.55684999248000	0
1688	2.55682186752000	0
1689	2.55679368304000	0
1690	2.55676544000000	0
1691	2.55673713936000	0
1692	2.55670878208000	0
1693	2.55668036912000	0
1694	2.55665190144000	0
1695	2.55662338000000	0
1696	2.55659480576000	0
1697	2.55656617968000	0
1698	2.55653750272000	0
1699	2.55650877584000	0
1700	2.55648000000000	0
1701	2.55645117616000	0
1702	2.55642230528000	0
1703	2.55639338832000	0
1704	2.55636442624000	0
1705	2.55633542000000	0
1706	2.55630637056000	0
1707	2.55627727888000	0
1708	2.55624814592000	0
1709	2.55621897264000	0
1710	2.55618976000000	0
1711	2.55616050896000	0
1712	2.55613122048000	0
1713	2.55610189552000	0
1714	2.55607253504000	0
1715	2.55604314000000	0
1716	2.55601371136000	0
1717	2.55598425008000	0
1718	2.55595475712000	0
1719	2.55592523344000	0
1720	2.55589568000000	0
1721	2.55586609776000	0
1722	2.55583648768000	0
1723	2.55580685072000	0
1724	2.55577718784000	0
1725	2.55574750000000	0
1726	2.55571778816000	0
1727	2.55568805328000	0
1728	2.55565829632000	0
1729	2.55562851824000	0
1730	2.55559872000000	0
1731	2.55556890256000	0
1732	2.55553906688000	0
1733	2.55550921392000	0
1734	2.55547934464000	0
1735	2.55544946000000	0
1736	2.55541956096000	0
1737	2.55538964848000	0
1738	2.55535972352000	0
1739	2.55532978704000	0
1740	2.55529984000000	0
1741	2.55526988336000	0
1742	2.55523991808000	0
1743	2.55520994512000	0
1744	2.55517996544000	0
1745	2.55514998000000	0
1746	2.55511998976000	0
1747	2.55508999568000	0
1748	2.55505999872000	0
1749	2.55502999984000	0
1750	2.55500000000000	0
1751	2.55497000016000	0
1752	2.55494000128000	0
1753	2.55491000432000	0
1754	2.55488001024000	0
1755	2.55485002000000	0
1756	2.55482003456000	0
1757	2.55479005488000	0
1758	2.55476008192000	0
1759	2.55473011664000	0
1760	2.55470016000000	0
1761	2.55467021296000	0
1762	2.55464027648000	0
1763	2.55461035152000	0
1764	2.55458043904000	0
1765	2.55455054000000	0
1766	2.55452065536000	0
1767	2.55449078608000	0
1768	2.55446093312000	0
1769	2.55443109744000	0
1770	2.55440128000000	0
1771	2.55437148176000	0
1772	2.55434170368000	0
1773	2.55431194672000	0
1774	2.55428221184000	0
1775	2.55425250000000	0
1776	2.55422281216000	0
1777	2.55419314928000	0
1778	2.55416351232000	0
1779	2.55413390224000	0
1780	2.55410432000000	0
1781	2.55407476656000	0
1782	2.55404524288000	0
1783	2.55401574992000	0
1784	2.55398628864000	0
1785	2.55395686000000	0
1786	2.55392746496000	0
1787	2.55389810448000	0
1788	2.55386877952000	0
1789	2.55383949104000	0
1790	2.55381024000000	0
1791	2.55378102736000	0
1792	2.55375185408000	0
1793	2.55372272112000	0
1794	2.55369362944000	0
1795	2.55366458000000	0
1796	2.55363557376000	0
1797	2.55360661168000	0
1798	2.55357769472000	0
1799	2.55354882384000	0
1800	2.55352000000000	0
1801	2.55349122416000	0
1802	2.55346249728000	0
1803	2.55343382032000	0
1804	2.55340519424000	0
1805	2.55337662000000	0
1806	2.55334809856000	0
1807	2.55331963088000	0
1808	2.55329121792000	0
1809	2.55326286064000	0
1810	2.55323456000000	0
1811	2.55320631696000	0
1812	2.55317813248000	0
1813	2.55315000752000	0
1814	2.55312194304000	0
1815	2.55309394000000	0
1816	2.55306599936000	0
1817	2.55303812208000	0
1818	2.55301030912000	0
1819	2.55298256144000	0
1820	2.55295488000000	0
1821	2.55292726576000	0
1822	2.55289971968000	0
1823	2.55287224272000	0
1824	2.55284483584000	0
1825	2.55281750000000	0
1826	2.55279023616000	0
1827	2.55276304528000	0
1828	2.55273592832000	0
1829	2.55270888624000	0
1830	2.55268192000000	0
1831	2.55265503056000	0
1832	2.55262821888000	0
1833	2.55260148592000	0
1834	2.55257483264000	0
1835	2.55254826000000	0
1836	2.55252176896000	0
1837	2.55249536048000	0
1838	2.55246903552000	0
1839	2.55244279504000	0
1840	2.55241664000000	0
1841	2.55239057136000	0
1842	2.55236459008000	0
1843	2.55233869712000	0
1844	2.55231289344000	0
1845	2.55228718000000	0
1846	2.55226155776000	0
1847	2.55223602768000	0
1848	2.55221059072000	0
1849	2.55218524784000	0
1850	2.55216000000000	0
1851	2.55213484816000	0
1852	2.55210979328000	0
1853	2.55208483632000	0
1854	2.55205997824000	0
1855	2.55203522000000	0
1856	2.55201056256000	0
1857	2.55198600688000	0
1858	2.55196155392000	0
1859	2.55193720464000	0
1860	2.55191296000000	0
1861	2.55188882096000	0
1862	2.55186478848000	0
1863	2.55184086352000	0
1864	2.55181704704000	0
1865	2.55179334000000	0
1866	2.55176974336000	0
1867	2.55174625808000	0
1868	2.55172288512000	0
1869	2.55169962544000	0
1870	2.55167648000000	0
1871	2.55165344976000	0
1872	2.55163053568000	0
1873	2.55160773872000	0
1874	2.55158505984000	0
1875	2.55156250000000	0
1876	2.55154006016000	0
1877	2.55151774128000	0
1878	2.55149554432000	0
1879	2.55147347024000	0
1880	2.55145152000000	0
1881	2.55142969456000	0
1882	2.55140799488000	0
1883	2.55138642192000	0
1884	2.55136497664000	0
1885	2.55134366000000	0
1886	2.55132247296000	0
1887	2.55130141648000	0
1888	2.55128049152000	0
1889	2.55125969904000	0
1890	2.55123904000000	0
1891	2.55121851536000	0
1892	2.55119812608000	0
1893	2.55117787312000	0
1894	2.55115775744000	0
1895	2.55113778000000	0
1896	2.55111794176000	0
1897	2.55109824368000	0
1898	2.55107868672000	0
1899	2.55105927184000	0
1900	2.55104000000000	0
1901	2.55102087216000	0
1902	2.55100188928000	0
1903	2.55098305232000	0
1904	2.55096436224000	0
1905	2.55094582000000	0
1906	2.55092742656000	0
1907	2.55090918288000	0
1908	2.55089108992000	0
1909	2.55087314864000	0
1910	2.55085536000000	0
1911	2.55083772496000	0
1912	2.55082024448000	0
1913	2.55080291952000	0
1914	2.55078575104000	0
1915	2.55076874000000	0
1916	2.55075188736000	0
1917	2.55073519408000	0
1918	2.55071866112000	0
1919	2.55070228944000	0
1920	2.55068608000000	0
1921	2.55067003376000	0
1922	2.55065415168000	0
1923	2.55063843472000	0
1924	2.55062288384000	0
1925	2.55060750000000	0
1926	2.55059228416000	0
1927	2.55057723728000	0
1928	2.55056236032000	0
1929	2.55054765424000	0
1930	2.55053312000000	0
1931	2.55051875856000	0
1932	2.55050457088000	0
1933	2.55049055792000	0
1934	2.55047672064000	0
1935	2.55046306000000	0
1936	2.55044957696000	0
1937	2.55043627248000	0
1938	2.55042314752000	0
1939	2.55041020304000	0
1940	2.55039744000000	0
1941	2.55038485936000	0
1942	2.55037246208000	0
1943	2.55036024912000	0
1944	2.55034822144000	0
1945	2.55033638000000	0
1946	2.55032472576000	0
1947	2.55031325968000	0
1948	2.55030198272000	0
1949	2.55029089584000	0
1950	2.55028000000000	0
1951	2.55026929616000	0
1952	2.55025878528000	0
1953	2.55024846832000	0
1954	2.55023834624000	0
1955	2.55022842000000	0
1956	2.55021869056000	0
1957	2.55020915888000	0
1958	2.55019982592000	0
1959	2.55019069264000	0
1960	2.55018176000000	0
1961	2.55017302896000	0
1962	2.55016450048000	0
1963	2.55015617552000	0
1964	2.55014805504000	0
1965	2.55014014000000	0
1966	2.55013243136000	0
1967	2.55012493008000	0
1968	2.55011763712000	0
1969	2.55011055344000	0
1970	2.55010368000000	0
1971	2.55009701776000	0
1972	2.55009056768000	0
1973	2.55008433072000	0
1974	2.55007830784000	0
1975	2.55007250000000	0
1976	2.55006690816000	0
1977	2.55006153328000	0
1978	2.55005637632000	0
1979	2.55005143824000	0
1980	2.55004672000000	0
1981	2.55004222256000	0
1982	2.55003794688000	0
1983	2.55003389392000	0
1984	2.55003006464000	0
1985	2.55002646000000	0
1986	2.55002308096000	0
1987	2.55001992848000	0
1988	2.55001700352000	0
1989	2.55001430704000	0
1990	2.55001184000000	0
1991	2.55000960336000	0
1992	2.55000759808000	0
1993	2.55000582512000	0
1994	2.55000428544000	0
1995	2.55000298000000	0
1996	2.55000190976000	0
1997	2.55000107568000	0
1998	2.55000047872000	0
1999	2.55000011984000	0
2000	2.55000000000000	0
2001	2.55000000000000	0
2002	2.55000000000000	0
2003	2.55000000000000	0
2004	2.55000000000000	0
2005	2.55000000000000	0
2006	2.55000000000000	0
2007	2.55000000000000	0
2008	2.55000000000000	0
2009	2.55000000000000	0
2010	2.55000000000000	0
2011	2.55000000000000	0
2012	2.55000000000000	0
2013	2.55000000000000	0
2014	2.55000000000000	0
2015	2.55000000000000	0
2016	2.55000000000000	0
2017	2.55000000000000	0
2018	2.55000000000000	0
2019	2.55000000000000	0
2020	2.55000000000000	0
2021	2.55000000000000	0
2022	2.55000000000000	0
2023	2.55000000000000	0
2024	2.55000000000000	0
2025	2.55000000000000	0
2026	2.55000000000000	0
2027	2.55000000000000	0
2028	2.55000000000000	0
2029	2.55000000000000	0
2030	2.55000000000000	0
2031	2.55000000000000	0
2032	2.55000000000000	0
2033	2.55000000000000	0
2034	2.55000000000000	0
2035	2.55000000000000	0
2036	2.55000000000000	0
2037	2.55000000000000	0
2038	2.55000000000000	0
2039	2.55000000000000	0
2040	2.55000000000000	0
2041	2.55000000000000	0
2042	2.55000000000000	0
2043	2.55000000000000	0
2044	2.55000000000000	0
2045	2.55000000000000	0
2046	2.55000000000000	0
2047	2.55000000000000	0
2048	2.55000000000000	0
2049	2.55000000000000	0
2050	2.55000000000000	0
2051	2.55000000000000	0
2052	2.55000000000000	0
2053	2.55000000000000	0
2054	2.55000000000000	0
2055	2.55000000000000	0
2056	2.55000000000000	0
2057	2.55000000000000	0
2058	2.55000000000000	0
2059	2.55000000000000	0
2060	2.55000000000000	0
2061	2.55000000000000	0
2062	2.55000000000000	0
2063	2.55000000000000	0
2064	2.55000000000000	0
2065	2.55000000000000	0
2066	2.55000000000000	0
2067	2.55000000000000	0
2068	2.55000000000000	0
2069	2.55000000000000	0
2070	2.55000000000000	0
2071	2.55000000000000	0
2072	2.55000000000000	0
2073	2.55000000000000	0
2074	2.55000000000000	0
2075	2.55000000000000	0
2076	2.55000000000000	0
2077	2.55000000000000	0
2078	2.55000000000000	0
2079	2.55000000000000	0
2080	2.55000000000000	0
2081	2.55000000000000	0
2082	2.55000000000000	0
2083	2.55000000000000	0
2084	2.55000000000000	0
2085	2.55000000000000	0
2086	2.55000000000000	0
2087	2.55000000000000	0
2088	2.55000000000000	0
2089	2.55000000000000	0
2090	2.55000000000000	0
2091	2.55000000000000	0
2092	2.55000000000000	0
2093	2.55000000000000	0
2094	2.55000000000000	0
2095	2.55000000000000	0
2096	2.55000000000000	0
2097	2.55000000000000	0
2098	2.55000000000000	0
2099	2.55000000000000	0
2100	2.55000000000000	0
2101	2.55000000000000	0
2102	2.55000000000000	0
2103	2.55000000000000	0
2104	2.55000000000000	0
2105	2.55000000000000	0
2106	2.55000000000000	0
2107	2.55000000000000	0
2108	2.55000000000000	0
2109	2.55000000000000	0
2110	2.55000000000000	0
2111	2.55000000000000	0
2112	2.55000000000000	0
2113	2.55000000000000	0
2114	2.55000000000000	0
2115	2.55000000000000	0
2116	2.55000000000000	0
2117	2.55000000000000	0
2118	2.55000000000000	0
2119	2.55000000000000	0
2120	2.55000000000000	0
2121	2.55000000000000	0
2122	2.55000000000000	0
2123	2.55000000000000	0
2124	2.55000000000000	0
2125	2.55000000000000	0
2126	2.55000000000000	0
2127	2.55000000000000	0
2128	2.55000000000000	0
2129	2.55000000000000	0
2130	2.55000000000000	0
2131	2.55000000000000	0
2132	2.55000000000000	0
2133	2.55000000000000	0
2134	2.55000000000000	0
2135	2.55000000000000	0
2136	2.55000000000000	0
2137	2.55000000000000	0
2138	2.55000000000000	0
2139	2.55000000000000	0
2140	2.55000000000000	0
2141	2.55000000000000	0
2142	2.55000000000000	0
2143	2.55000000000000	0
2144	2.55000000000000	0
2145	2.55000000000000	0
2146	2.55000000000000	0
2147	2.55000000000000	0
2148	2.55000000000000	0
2149	2.55000000000000	0
2150	2.55000000000000	0
2151	2.55000000000000	0
2152	2.55000000000000	0
2153	2.55000000000000	0
2154	2.55000000000000	0
2155	2.55000000000000	0
2156	2.55000000000000	0
2157	2.55000000000000	0
2158	2.55000000000000	0
2159	2.55000000000000	0
2160	2.55000000000000	0
2161	2.55000000000000	0
2162	2.55000000000000	0
2163	2.55000000000000	0
2164	2.55000000000000	0
2165	2.55000000000000	0
2166	2.55000000000000	0
2167	2.55000000000000	0
2168	2.55000000000000	0
2169	2.55000000000000	0
2170	2.55000000000000	0
2171	2.55000000000000	0
2172	2.55000000000000	0
2173	2.55000000000000	0
2174	2.55000000000000	0
2175	2.55000000000000	0
2176	2.55000000000000	0
2177	2.55000000000000	0
2178	2.55000000000000	0
2179	2.55000000000000	0
2180	2.55000000000000	0
2181	2.55000000000000	0
2182	2.55000000000000	0
2183	2.55000000000000	0
2184	2.55000000000000	0
2185	2.55000000000000	0
2186	2.55000000000000	0
2187	2.55000000000000	0
2188	2.55000000000000	0
2189	2.55000000000000	0
2190	2.55000000000000	0
2191	2.55000000000000	0
2192	2.55000000000000	0
2193	2.55000000000000	0
2194	2.55000000000000	0
2195	2.55000000000000	0
2196	2.55000000000000	0
2197	2.55000000000000	0
2198	2.55000000000000	0
2199	2.55000000000000	0
2200	2.55000000000000	0
2201	2.55000000000000	0
2202	2.55000000000000	0
2203	2.55000000000000	0
2204	2.55000000000000	0
2205	2.55000000000000	0
2206	2.55000000000000	0
2207	2.55000000000000	0
2208	2.55000000000000	0
2209	2.55000000000000	0
2210	2.55000000000000	0
2211	2.55000000000000	0
2212	2.55000000000000	0
2213	2.55000000000000	0
2214	2.55000000000000	0
2215	2.55000000000000	0
2216	2.55000000000000	0
2217	2.55000000000000	0
2218	2.55000000000000	0
2219	2.55000000000000	0
2220	2.55000000000000	0
2221	2.55000000000000	0
2222	2.55000000000000	0
2223	2.55000000000000	0
2224	2.55000000000000	0
2225	2.55000000000000	0
2226	2.55000000000000	0
2227	2.55000000000000	0
2228	2.55000000000000	0
2229	2.55000000000000	0
2230	2.55000000000000	0
2231	2.55000000000000	0
2232	2.55000000000000	0
2233	2.55000000000000	0
2234	2.55000000000000	0
2235	2.55000000000000	0
2236	2.55000000000000	0
2237	2.55000000000000	0
2238	2.55000000000000	0
2239	2.55000000000000	0
2240	2.55000000000000	0
2241	2.55000000000000	0
2242	2.55000000000000	0
2243	2.55000000000000	0
2244	2.55000000000000	0
2245	2.55000000000000	0
2246	2.55000000000000	0
2247	2.55000000000000	0
2248	2.55000000000000	0
2249	2.55000000000000	0
2250	2.55000000000000	0
2251	2.55000000000000	0
2252	2.55000000000000	0
2253	2.55000000000000	0
2254	2.55000000000000	0
2255	2.55000000000000	0
2256	2.55000000000000	0
2257	2.55000000000000	0
2258	2.55000000000000	0
2259	2.55000000000000	0
2260	2.55000000000000	0
2261	2.55000000000000	0
2262	2.55000000000000	0
2263	2.55000000000000	0
2264	2.55000000000000	0
2265	2.55000000000000	0
2266	2.55000000000000	0
2267	2.55000000000000	0
2268	2.55000000000000	0
2269	2.55000000000000	0
2270	2.55000000000000	0
2271	2.55000000000000	0
2272	2.55000000000000	0
2273	2.55000000000000	0
2274	2.55000000000000	0
2275	2.55000000000000	0
2276	2.55000000000000	0
2277	2.55000000000000	0
2278	2.55000000000000	0
2279	2.55000000000000	0
2280	2.55000000000000	0
2281	2.55000000000000	0
2282	2.55000000000000	0
2283	2.55000000000000	0
2284	2.55000000000000	0
2285	2.55000000000000	0
2286	2.55000000000000	0
2287	2.55000000000000	0
2288	2.55000000000000	0
2289	2.55000000000000	0
2290	2.55000000000000	0
2291	2.55000000000000	0
2292	2.55000000000000	0
2293	2.55000000000000	0
2294	2.55000000000000	0
2295	2.55000000000000	0
2296	2.55000000000000	0
2297	2.55000000000000	0
2298	2.55000000000000	0
2299	2.55000000000000	0
2300	2.55000000000000	0
2301	2.55000000000000	0
2302	2.55000000000000	0
2303	2.55000000000000	0
2304	2.55000000000000	0
2305	2.55000000000000	0
2306	2.55000000000000	0
2307	2.55000000000000	0
2308	2.55000000000000	0
2309	2.55000000000000	0
2310	2.55000000000000	0
2311	2.55000000000000	0
2312	2.55000000000000	0
2313	2.55000000000000	0
2314	2.55000000000000	0
2315	2.55000000000000	0
2316	2.55000000000000	0
2317	2.55000000000000	0
2318	2.55000000000000	0
2319	2.55000000000000	0
2320	2.55000000000000	0
2321	2.55000000000000	0
2322	2.55000000000000	0
2323	2.55000000000000	0
2324	2.55000000000000	0
2325	2.55000000000000	0
2326	2.55000000000000	0
2327	2.55000000000000	0
2328	2.55000000000000	0
2329	2.55000000000000	0
2330	2.55000000000000	0
2331	2.55000000000000	0
2332	2.55000000000000	0
2333	2.55000000000000	0
2334	2.55000000000000	0
2335	2.55000000000000	0
2336	2.55000000000000	0
2337	2.55000000000000	0
2338	2.55000000000000	0
2339	2.55000000000000	0
2340	2.55000000000000	0
2341	2.55000000000000	0
2342	2.55000000000000	0
2343	2.55000000000000	0
2344	2.55000000000000	0
2345	2.55000000000000	0
2346	2.55000000000000	0
2347	2.55000000000000	0
2348	2.55000000000000	0
2349	2.55000000000000	0
2350	2.55000000000000	0
2351	2.55000000000000	0
2352	2.55000000000000	0
2353	2.55000000000000	0
2354	2.55000000000000	0
2355	2.55000000000000	0
2356	2.55000000000000	0
2357	2.55000000000000	0
2358	2.55000000000000	0
2359	2.55000000000000	0
2360	2.55000000000000	0
2361	2.55000000000000	0
2362	2.55000000000000	0
2363	2.55000000000000	0
2364	2.55000000000000	0
2365	2.55000000000000	0
2366	2.55000000000000	0
2367	2.55000000000000	0
2368	2.55000000000000	0
2369	2.55000000000000	0
2370	2.55000000000000	0
2371	2.55000000000000	0
2372	2.55000000000000	0
2373	2.55000000000000	0
2374	2.55000000000000	0
2375	2.55000000000000	0
2376	2.55000000000000	0
2377	2.55000000000000	0
2378	2.55000000000000	0
2379	2.55000000000000	0
2380	2.55000000000000	0
2381	2.55000000000000	0
2382	2.55000000000000	0
2383	2.55000000000000	0
2384	2.55000000000000	0
2385	2.55000000000000	0
2386	2.55000000000000	0
2387	2.55000000000000	0
2388	2.55000000000000	0
2389	2.55000000000000	0
2390	2.55000000000000	0
2391	2.55000000000000	0
2392	2.55000000000000	0
2393	2.55000000000000	0
2394	2.55000000000000	0
2395	2.55000000000000	0
2396	2.55000000000000	0
2397	2.55000000000000	0
2398	2.55000000000000	0
2399	2.55000000000000	0
2400	2.55000000000000	0
2401	2.55000000000000	0
2402	2.55000000000000	0
2403	2.55000000000000	0
2404	2.55000000000000	0
2405	2.55000000000000	0
2406	2.55000000000000	0
2407	2.55000000000000	0
2408	2.55000000000000	0
2409	2.55000000000000	0
2410	2.55000000000000	0
2411	2.55000000000000	0
2412	2.55000000000000	0
2413	2.55000000000000	0
2414	2.55000000000000	0
2415	2.55000000000000	0
2416	2.55000000000000	0
2417	2.55000000000000	0
2418	2.55000000000000	0
2419	2.55000000000000	0
2420	2.55000000000000	0
2421	2.55000000000000	0
2422	2.55000000000000	0
2423	2.55000000000000	0
2424	2.55000000000000	0
2425	2.55000000000000	0
2426	2.55000000000000	0
2427	2.55000000000000	0
2428	2.55000000000000	0
2429	2.55000000000000	0
2430	2.55000000000000	0
2431	2.55000000000000	0
2432	2.55000000000000	0
2433	2.55000000000000	0
2434	2.55000000000000	0
2435	2.55000000000000	0
2436	2.55000000000000	0
2437	2.55000000000000	0
2438	2.55000000000000	0
2439	2.55000000000000	0
2440	2.55000000000000	0
2441	2.55000000000000	0
2442	2.55000000000000	0
2443	2.55000000000000	0
2444	2.55000000000000	0
2445	2.55000000000000	0
2446	2.55000000000000	0
2447	2.55000000000000	0
2448	2.55000000000000	0
2449	2.55000000000000	0
2450	2.55000000000000	0
2451	2.55000000000000	0
2452	2.55000000000000	0
2453	2.55000000000000	0
2454	2.55000000000000	0
2455	2.55000000000000	0
2456	2.55000000000000	0
2457	2.55000000000000	0
2458	2.55000000000000	0
2459	2.55000000000000	0
2460	2.55000000000000	0
2461	2.55000000000000	0
2462	2.55000000000000	0
2463	2.55000000000000	0
2464	2.55000000000000	0
2465	2.55000000000000	0
2466	2.55000000000000	0
2467	2.55000000000000	0
2468	2.55000000000000	0
2469	2.55000000000000	0
2470	2.55000000000000	0
2471	2.55000000000000	0
2472	2.55000000000000	0
2473	2.55000000000000	0
2474	2.55000000000000	0
2475	2.55000000000000	0
2476	2.55000000000000	0
2477	2.55000000000000	0
2478	2.55000000000000	0
2479	2.55000000000000	0
2480	2.55000000000000	0
2481	2.55000000000000	0
2482	2.55000000000000	0
2483	2.55000000000000	0
2484	2.55000000000000	0
2485	2.55000000000000	0
2486	2.55000000000000	0
2487	2.55000000000000	0
2488	2.55000000000000	0
2489	2.55000000000000	0
2490	2.55000000000000	0
2491	2.55000000000000	0
2492	2.55000000000000	0
2493	2.55000000000000	0
2494	2.55000000000000	0
2495	2.55000000000000	0
2496	2.55000000000000	0
2497	2.55000000000000	0
2498	2.55000000000000	0
2499	2.55000000000000	0
2500	2.55000000000000	0
