365	1.59716			
404.66	1.58941			
435.83	1.584874			
479.99	1.579998			
486.13	1.579428			
488	1.57926			
514	1.5771			
520.8	1.57659			
530	1.57593			
546.07	1.57486			
568.2	1.57353			
587.56	1.572489			
589.29	1.5724			
632.8	1.5704			
643.85	1.569948			
647.1	1.56982			
656.27	1.569468			
694.3	1.56814			
706.52	1.56776			
768.2	1.56604			
852.1	1.56418			
890	1.56346			
1013.9	1.56146			
1060	1.56081			
1128.6	1.55991			
1395.1	1.55678			
1529.6	1.55527			
1813.1	1.55198			
1970.1	1.55003			
2249.3	1.54623			
2325.4	1.54512			
				
				
				
				
				
				
				
				
				
				
				
				
				
				
				
				
				
				
				
				
				
				
				
				
				
				
				
				
				
				
				
				
				
				
				
				
				
				
				
				
				
				
				
				
				
				
				
				
				
				
				
				
				
				
				
				
				
				
				
				
				
				
				
				
				
				
				
				
				
				
